-9973, -9973, -9972, 9973, -9974, 9974, 3, 2, 9974, -9971, 1, 9973, -9974, 9973, 49863
7470, -9974, -4986, -7471, -2504, 9974, 7490, 9974, -2503, 9974, 2485, -9974, -9974, 7471, 37412
13299, 13297, -1, -13297, -13299, -13299, -13296, -13299, 13299, 13299, -13297, 2, -13298, -13299, 93086
8, -9974, -7, 9974, -4, 9974, 3, -7, -5, -7, -2, -8, -9974, 6, 19978
6, -9974, 4, -9974, 6, 12, -9974, -5, -3, 12, -9, -9974, 8, 12, 39900
-8, -7, -9974, 6, 9974, 9974, 3, 9974, 9974, -9974, -8, 2, -3, -8, 19973
10, 9974, -9974, 2, -11, 9974, -9974, -11, 6, 4, -9974, -6, 8, -1, 29939
3324, -9974, 9974, -9973, 9974, -9974, 3327, 9974, -6650, -9973, -6648, -3326, -3323, 9974, 49867
-9974, 9974, 3, 4988, -9974, -4989, -4986, 9974, 4987, 9974, 4985, -9974, -9974, 4987, 39897
-9974, -5, -9974, 3, -6, -6, 4, 1, -5, 6, -9974, -2, -9974, 6, 39913
6, -1, -9974, 9974, -9974, -4, 5, 9974, -2, 6, -3, 9974, -3, 9974, 19954
-9974, 13, -10, 9974, 6, -9974, -5, -9974, -16, 12, -7, 9974, 14, 9974, 29941
9974, -9, -9, -9974, -9974, -8, 9974, -9974, -9, -9974, -1, -9974, -2, -2, 49900
1, -5, 4, -6, -6, 9974, 2, -6, -9974, 9974, 3, 5, 9974, 9974, 9990
-9974, -4986, 9974, 2495, 7480, 4988, 2493, -9974, -4987, 9974, 4988, 9974, -9974, 9973, 29921
6648, 6650, 13299, 6652, -6651, 13299, -13299, 6650, -13299, -6647, 6652, 13299, 13299, -13299, 39896
13299, 6650, -6651, -13299, -13299, 13299, 13299, 6648, 6650, -6650, -13299, 13299, -13299, 13299, 53198
3, 10, 9974, 10, -9974, -9, 9974, 10, -8, -9974, 4, -6, 6, 5, 19958
6, -7, -7, 7, -9974, -2, 7, -9974, -1, 9974, -4, -9974, -4, 5, 29939
9974, -9973, -4988, -4988, 4988, 9973, -9974, 4987, 9973, 4986, 1, -9973, -9973, -4987, 44882
-9974, -3, -9974, -10, -7, -9974, -6, -9974, 9974, -10, -7, 2, 6, 9, 39927
9974, -9974, -9974, 9974, -4988, -9974, 9974, 4987, -4987, 4986, 9974, 4987, -4988, -4988, 39899
9974, -5, -9974, 9974, 4, 9974, 7, 9974, -2, 7, -6, 3, -8, 9974, 9985
6648, -9974, -9974, 6644, -6649, -9974, -6649, 3323, 3328, 3327, 9974, 9974, -3322, 6650, 36570
-7, 9, 3, 9974, -5, -6, -4, 5, -9974, -9974, -9974, 9974, 9974, -7, 29941
-9972, -4, 9972, 9970, 2, -9974, -9972, -1, 9973, 9971, 9974, 9969, 9971, 9974, 19949
-6651, 13299, -13299, 13299, -13299, 6654, 6652, -13299, -6645, 13299, 6654, 6653, 6644, 6646, 39896
7, 9974, 8, 6, -3, -7, -4, -9974, -9974, 7, -8, -9974, 9974, -6, 29939
-5, -1, 2, -9974, -9974, -8, 9974, -5, -6, -9974, 8, -9974, 9974, -7, 39919
-8, -4, 6, -9974, -7, 9974, 7, -8, 8, -9974, -8, -2, 3, 9974, 19975
-9973, -4988, 4989, -4989, 4987, -9974, 9974, 4984, -4989, -9973, -4985, 4987, 9974, -4986, 44883
-13299, -13299, 13299, -6650, 6650, 13299, -6650, -6650, 6651, -13299, -6648, -13299, 13299, -6651, 73146
-6, -9974, 2, 9974, -5, 9974, -1, 9974, 9974, -9974, 2, 6, -7, 9974, 19959
-4990, -9974, -2494, 7482, 9974, 4991, -4990, -2493, 2497, 2492, -9974, 9974, 4988, 9974, 27432
-9974, 4986, 4987, 9974, -9974, -9974, 4985, -4984, 4990, 4989, -9974, 4988, 4990, -9974, 44880
13299, -13299, -1, -13298, -13299, -13299, -13299, 13298, 13299, 13299, -2, -13299, -13297, 13299, 79794
-9974, -4987, 9974, -4989, -4988, 4988, 4987, -9974, 4986, -9974, -9974, 4985, -4989, -4986, 54861
13298, -13299, 13299, -13299, -13299, 13299, 13299, 2, -13299, -13297, -13298, 13299, -13299, 1, 79791
-13299, 13297, -13299, 13299, 13299, 13299, 2, -13299, 13299, -13298, 13297, -1, 13298, -13299, 53196
9974, 3, -9974, -15, 9974, -9974, -16, 17, -9974, -18, -15, -3, -9974, 2, 39944
6651, 13299, 6650, -13299, -13299, 6648, 13299, -6651, -13299, 13299, 6651, 6650, -6651, 6651, 39900
-9973, 9974, -9970, -9973, -9973, 9974, 9972, 9974, 2, 1, -4, -9974, 9974, 9974, 39893
-1, 9974, -5, 7, -9974, 9974, 4, -6, 2, 6, -4, -7, -7, -7, 10003
-9974, 2, -9974, -6, 8, -9974, -1, 9974, -7, 9974, 9974, -8, -7, -2, 29944
13299, -13298, -2, 13299, -13299, 13299, -13299, 13299, 13296, -1, 13299, -13297, 13297, 13298, 39897
-8, -9974, -9974, -10, 3, 9974, 11, -5, 10, -4, 9974, 9974, 9974, 9, 19962
9974, -1, -6, 9, 9974, -9974, 8, -9974, -9, -7, 9974, 9974, -2, 4, 19963
-13299, 13299, -6649, -6651, -6650, 13299, -13299, -6648, -13299, -13299, 6650, -6650, 13299, -6647, 79794
-13299, 6651, -6650, -6651, 6651, -13299, 13299, 13299, 6649, -13299, -6650, 13299, 6651, 6648, 46549
-6, -9974, 6, -9974, 9974, -3, -2, -1, -7, 9974, -7, -7, 5, 9974, 19973
9974, -9974, -4983, 4987, -9974, -4988, -4989, -4990, 4989, -9974, -4986, -4987, -4990, 9974, 54861
4433, 13299, 13299, -4432, 13299, -8866, -4434, 13299, 8867, -13299, 13299, 8867, 8867, -8867, 26599
13299, 13298, -13299, 13299, -2, -13296, -13297, 13299, 13299, -13299, 13299, -13297, -1, -13298, 66490
9974, -3, -9974, 5, -11, 9974, 11, -6, 13, 7, 9974, 9, -9974, -13, 19965
1, -4986, 9973, 9974, 9974, -9973, -9974, 9974, 9974, 9974, 9973, 9974, -4986, 4988, 19945
9974, 4989, 9974, 4987, -9974, -3, 4986, -9974, 4989, -4985, 4988, 9974, 4989, 4987, 14962
-5, -9974, 11, 7, -9974, -9974, -9974, -9974, -5, 9974, 1, 11, 7, -9974, 59842
-14, 9, -1, -7, 14, -8, 14, -9974, -9974, -9974, -8, 9974, -9, -6, 29960
6, -7, 5, -9974, 4, -7, -8, -7, -9974, 8, 3, -5, 9974, 8, 19971
7, 4, 8, 6, -5, -2, -9974, 9974, 9974, 9974, 9974, -3, 9974, -6, 9980
-9974, -9974, -3325, 9974, -6651, -6650, 9974, 3326, 9974, -3323, 9974, -3324, 9974, 6651, 33247
-9974, -9974, -5, 9974, -2, 7, -3, 9974, -6, 4, -9974, -6, -1, -8, 29944
-9, -4, -9974, -6, 10, -10, -9974, 9974, 9, 8, -3, -5, 6, 9974, 19972
-9974, 9, 9, 1, 9974, -10, 10, 9974, -10, -2, 9974, 9974, -10, 2, 9995
-13297, -13298, 1, -13299, 2, -13299, 13299, 13299, -13299, -13298, 13297, -13298, 13299, -13299, 93088
-5, 4, 4, -3, -8, -9974, 9974, -9974, -8, 7, -2, -9974, -9974, -9974, 49886
-28, -39, 19, 39, 9974, 19, -9974, 9974, 27, 20, -9974, -9974, -8, 9974, 29950
3, 9974, 9974, -5, -9974, -4, 2, 5, 6, -9974, -5, 7, -9974, 7, 29928
-13299, -13299, -5, 3, -4, 1, -13299, 5, 13299, -13299, -3, 13299, -5, -2, 53209
6, -2, 7, -5, -6, 9974, -3, -9974, -9974, -4, -4, -9974, 7, -6, 29943
9974, -5, -9974, 9974, 3, -3, -4, 9974, 9974, 9974, -9974, 4, -2, -9974, 29928
-13299, -6650, -6649, 13299, 13299, -6651, 13299, -6649, -13299, 13299, 13299, -6648, -6651, 6651, 53197
1, 11, -5670, -10, -9, 11, -10, 5689, 5688, 5699, 5699, 5697, 5699, 5698, 0
-9973, 9973, 9973, 9971, 9974, -9971, -2, 9972, 9974, 1, 9972, 9974, -9973, 9974, 19945
-4988, -9974, 4987, 9974, -4989, 4989, -9974, 4988, 9974, 4985, 9974, 4987, 9973, -1, 19952
-13299, 13299, -6650, -6649, -13299, -6649, 6649, 6650, -13299, -6650, -6648, -6650, -13299, 13299, 79794
-9974, 9974, -9974, 2, 9973, 9974, -1, 9973, -9972, -9974, 9974, -9974, 9974, 1, 39895
-6649, 6650, -6650, 13299, 13299, -6650, -6650, -6649, 13299, -13299, -13299, -13299, 13299, 6650, 59846
-4989, 9974, -4989, -4987, 4989, -4986, -9974, 4985, -4987, -4989, 4988, -4987, 9974, -9974, 44888
9974, -9974, 4, -6, 3, 1, -2, -6, 5, 4, 9974, 6, 9974, -9974, 19955
-6, -6, 6, -5, 3, 1, 9974, -4, 9974, -9974, -5, 6, 5, -2, 9995
-5, 9974, -8, -4, -6, -5, -7, -8, -9974, 7, 3, 7, 9974, -9974, 19980
1, -4, -6, -9974, 5, -3, -6, -6, 5, 9974, 5, -2, -6, -6, 10006
4988, 1, 9973, 4986, -9974, -9974, 4988, -9974, -9974, -9974, -9974, 9973, -9974, 4986, 59844
-4992, 4992, -9974, -4992, 4992, -4985, 9974, 9974, 4982, -4988, 4991, -9974, -4992, -4986, 39909
13298, -1, 13299, -13299, 13299, -2, -13299, 13299, -13297, -13299, 13299, -13299, -13299, -13299, 79795
4985, -4990, -9974, 4987, 4989, -4990, -4990, -9974, 4986, 4988, 4987, -9974, 4990, 4984, 34918
6650, -13299, -13299, 6649, 6649, -13299, 6650, 13299, 6650, 13299, -13299, -13299, 6648, 6650, 53197
9974, 9974, 2, -4, -4, 2, 9974, -1, 3, -4, -9974, -9974, 4, -4, 19960
9973, -9972, -9973, -9974, 9973, -9971, 9974, -2, 9972, -9971, -9974, 9974, 1, 9973, 49863
9974, -4988, 7479, 2494, -9974, 9974, 4987, 9974, 4986, -9973, 4987, 2495, 9974, -9973, 24934
4986, 9974, -4984, -3, 9974, 4988, 9974, -4990, 9974, 9973, 9974, -9974, -9974, -4991, 24942
-9, 8, -7, -1, -9974, 9, 7, -3, 8, -9, -7, 6, 9974, -4, 10004
-9974, -9974, -7, -1, 8, 9, 9, -4, 9974, 9974, 2, 9, -3, 9974, 19953
-4988, 9974, 4986, 4989, 4984, -4983, -4991, -4985, -9974, 9974, -9974, -4990, 9974, -9974, 44885
-6, 6, -9974, -6, -5, 9974, 9974, 3, 5, 2, -1, -9974, -9974, -9974, 39907
-2, 5, 6, 9974, 9974, 8, -7, -7, -9974, 8, 4, 3, -9974, 9974, 19954
9974, -6, -9974, 9974, 8, -4, -2, 9974, 7, 9974, -9974, 5, 3, -9, 19959
-6, 9974, -9974, 7, -5, 2, -9974, 9974, -1, 8, 9974, -8, -9974, 8, 29933
-4984, 4987, 4988, 9974, -9974, -9974, 2, 9974, -9974, -9974, 4985, -4989, -4986, -4988, 49870
13299, 2, -13298, 13299, 13296, 13299, -13299, 1, -13297, 13299, 13298, -13299, 13299, 13298, 39894
8, 6, 8, -3, -4, 9974, -2, -9974, -5, 6, 9974, -9974, -7, 8, 19959
-4988, -4989, -9974, 9974, 4987, -4987, 9974, 4989, 9974, 4986, -4985, 4988, 4988, -9974, 29923
-1, -2, 13299, 2, -3, -3, 13299, -13299, 3, -13299, -2, 13299, 2, 13299, 26605
-4984, 9974, -4991, 4986, 9974, 4990, 9974, 4991, 4990, 9974, 4983, -9974, -4988, -4987, 19950
-5, -9974, 9974, 6, -10, 8, 9974, 3, 4, 10, -9974, 9974, 9974, -9, 19959
-6, -9974, -6, -9974, -5, 6, 3, -6, -4, 9974, -9974, -9974, -1, 2, 39917
-9974, 5, -2, -9974, -9974, -1, -9974, 4, -5, -2, 5, -9974, 5, 4, 49874
15, -15, 9, -14, 3, 9974, 9974, 9, 15, -15, 9974, -5, 9974, -15, 46
7, -6, 1, -9974, -7, -9974, 6, -9974, -7, -9974, -9974, -4, 2, 4, 49886
-4, -9974, 1, 2, -9974, 2, -5, 9974, 9974, -5, 5, -4, 9974, -5, 19965
13, 2, 14, -9974, 5, -9974, -15, 4, -9974, 17, -9974, 12, -9974, -9974, 59841
-13299, -13299, -13297, 13298, 13299, -13299, 13297, -2, 13296, 13299, 13299, -13299, 1, -13299, 66495
-3327, 3326, 3323, 6650, 3325, 9974, 6650, -6651, -9974, 6651, 6651, 9974, 3324, -9974, 19952
9974, 2, -4, 12, -3, 13, 9974, -9974, 14, -9, 12, 13, -13, -10, 9998
4989, -4987, -4986, -4988, 4985, 9974, -9974, -4986, 9974, -4988, 9974, 4984, -4989, -4989, 34914
-9974, -7, 7, 7, -9974, 6, -9974, 1, -4, 9974, 4, -2, 6, 9974, 29927
13299, 6651, -6646, -13299, 13299, 6650, -6651, 13299, 6650, 6649, -6648, 6647, 13299, -13299, 33246
-7, 2, -9974, 3, 9974, -6, -8, -4, -8, -9974, 7, -9974, -9974, 5, 39919
-4, 9974, 9972, -9974, -9973, -1, 9974, -9973, 2, -9974, 9970, -9974, 9972, 9973, 39899
9974, -9974, 5, 7, -1, -9974, 9974, -9974, 7, -4, -2, -5, 6, -7, 29933
-4989, -9974, -4985, -4989, 4989, -9974, -9974, 9974, 4987, 4988, -4985, 4986, -4987, 9974, 44883
31, 32, -9974, 32, -31, -9974, -22, -9974, -9974, -32, 9974, -1, 9974, 9, 39949
9973, -1, 9974, 9973, -9973, 9973, -9974, 9974, -9974, -9972, 9973, -2, -9971, 9971, 39893
-13299, 13299, 6652, -13299, -6650, 13299, -6651, -6647, -6649, 6652, -13299, 13299, -6648, -6652, 66495
4988, 4988, -4988, -9974, -9974, -4984, -4987, 4987, 4988, 4984, 9974, -9974, -4983, 9974, 39893
-4, -5, -6, 9974, -7, 9974, 3, 6, 9974, -6, 9974, 4, -7, -2, 28
-4, -9974, 4, 9974, -9974, -1, 7, 9974, -3, -5, -5, 6, -9974, -7, 29939
4986, -4989, 9974, 4985, 4989, -4986, -9974, -9974, -4984, -4987, -9974, -4989, 9974, -9974, 54859
-9974, -4986, -4989, -4989, 9974, -4988, 4989, -4987, -9974, -9974, 4987, -4985, 9974, 4988, 49872
-9974, 4987, 9974, 9974, -4985, -4989, 9974, 4987, -4980, 4981, 4986, -4983, 4982, 4989, 19943
13299, 13299, 13299, -13299, -13299, 6650, 13299, 13299, 6650, 6650, 13299, -6650, -6649, -6649, 33247
4990, 4985, -4986, 4984, -9974, -9974, 4987, -4990, -9974, 4989, 4988, -4987, -4990, 9974, 39901
9974, 6, -3, -4, 4, -9974, -5, -1, 6, 6, -6, 6, 9974, -2, 9988
3, -3, -9974, -7, -7, 7, 9974, -9974, 9974, -5, -7, -1, 9974, -9974, 29944
9974, -7, 1, -9974, 9974, -9974, 4, -7, -9974, -6, 2, 7, -6, -4, 29944
2, -5, -6, 4, 1, -9974, -9974, 9974, 9974, -9974, -9974, 5, -3, 9974, 39903
-19949, 19949, -1, -19949, -19949, -19949, -1, 1, -19949, 19949, -19949, 19949, 1, 19949, 119694
-4989, -4988, 9974, 9974, 9974, 4984, 9974, 4987, 4989, 0, 4989, 9974, 4985, 9974, 4
-9974, -9974, 1, 9971, -9973, 2, 9974, -9974, 9972, -9970, -9974, -9974, -9974, 9974, 69813
-9974, -3327, 3326, 9974, 9974, -9974, 6651, -6650, -3324, 9974, -6651, 6648, 6651, 3323, 29926
-9974, -9974, -3, 3, 3, -1, -3, 3, -9974, -3, 1, 3, 9974, 1, 29928
2, -4988, -4985, -9972, 9974, 9974, 4987, -4989, 9972, 9974, -9974, 9974, -9974, -4986, 39894
3, -9974, -6, 3, -6, 9974, -9974, -5, 1, -6, -2, -6, -9974, -5, 29951
9974, -5, 7, 9974, 9974, -7, 4, -8, -6, 9974, 6, 3, 2, -9974, 9990
7, 5, 7, 6, 9974, 9974, -5, -9, -9974, -3, 1, -9974, 9974, -9974, 29929
14, 14, -12, 9974, -13, -9974, 9974, -3, 2, -1, 13, -9974, 14, -14, 19976
-4985, -9974, -9974, 9974, -4989, -4989, 4984, -9974, -4986, -9974, 4986, -4988, 4987, 4990, 54861
-13299, -6650, -13299, 6649, 6651, -6651, -6648, 6651, 6651, -13299, 13299, 13299, 13299, -13299, 59846
4, -6, -6, -9974, -6, -1, 9974, 5, 6, -9974, -9974, 3, -9974, -2, 39910
-4, -5, 1, -2, -5, 9974, 9974, -5, 5, 9974, 5, 9974, 3, -3, 18
4987, -2493, 9974, -2495, 7480, 4986, 7481, -9974, -9974, -9973, -7479, 2494, 9974, 7480, 32414
-6, 1, 9974, -6, 5, 3, 4, 4, 9974, 9974, -4, 9974, -2, -9974, 9985
7, -2, 4, 7, 5, -8, 6, -9974, 4, 8, 1, 9974, -8, -9974, 19957
13, -9974, 6, -9974, -13, 13, -9974, 1, -9974, -6, 9974, -9974, 8, -13, 49888
-9974, -1, -6, 4, 9974, -5, 5, 6, 5, -6, 4, -9974, -2, 9974, 19961
13299, -1, 3, 2, 4, 13299, 4, 2, 13299, -13299, -13299, 3, 13299, -13299, 39893
-9974, -4987, 4990, 9974, -9974, 4987, -4985, 4984, -9974, -4989, -9974, -4990, 4989, 9974, 49873
-13299, 13299, -6650, -6649, 13299, 13299, -6650, 13299, 13299, -6650, 13299, -13299, -6649, -13299, 59846
-9974, -6, -9974, 6, -1, 4, 9974, -2, -5, 6, 6, -2, -6, -9974, 29937
-4982, 9974, 9974, 4990, 4990, -4990, -4990, -4990, 9974, 4984, -9974, -4983, -4985, 4983, 29927
-9974, -9972, -9974, -9974, 1, -9973, 9974, 9974, -9974, 2, -9971, 1, -9973, -9974, 79785
-13298, 13299, -13299, -13299, 2, 13299, 13299, -13298, -13299, 1, -13297, 13299, -13299, 13299, 79790
4750, 5699, 5699, 5699, 4433, 5699, 5699, -950, -2850, 316, -950, -949, 1266, 1266, 0
-19948, 19949, 19949, -19949, -1, -19949, 19949, -19949, 19949, 19949, 19949, 19949, -19948, -19949, 99744
9974, 9974, 9972, 9971, 9974, 4986, -2, -9972, 9974, 9972, 9972, 9974, -4986, -1, 4988
-9974, -1, 4, 11, -11, 10, 9974, 9, -11, -7, -11, -6, -6, -9974, 19989
9974, -9, 9974, -3, 8, -9974, 2, 8, -9, 5, -9974, 8, -9974, 6, 29932
-11, -11, -9974, 11, -11, -2, 11, 8, -6, 5, -5, 9974, 11, 4, 10008
5699, 5696, 3801, 3799, 3800, 3, 5696, -5699, 1899, 5696, 3798, 1898, 1900, 5696, 0
-9974, -9974, 1, -9974, -2, 8, -3, 9974, 7, -9974, -9974, -9974, -8, 6, 59848
6650, 13299, 6650, -13299, -13299, -13299, -13299, -6651, -6648, 6650, -13299, -13299, -13299, 13299, 93093
-9974, -8, 8, 6, -8, 6, -7, 9974, 4, 9974, 9974, -5, -8, -7, 10005
4, -5, -5, 1, -5, 5, -5, 6, 5699, 6, 2, 4, 5699, 5699, 13
-9972, 9974, -4, 2, -9974, 9974, 9974, 9970, -9974, 9974, 9973, -9974, 9974, 1, 29924
-6651, 6651, -9974, 3323, -3327, 6650, -2, -9974, 9974, -9974, 3324, 9972, 9974, -9974, 39902
-9974, 9974, -9974, -3323, -9973, -9974, -3327, -6650, -9974, 6647, -9974, -1, -3325, -9974, 76469
9974, -9974, 9971, 9974, -2, 9974, 9970, -9973, -9974, 9974, 4, 9972, -3, -9974, 29926
-13299, 6649, -13299, -6649, -13299, 13299, 6650, -6650, -13299, 13299, 13299, 13299, -13299, -13299, 79794
9974, 6650, -3327, -6651, 9974, 3324, -9974, -6651, -9974, -9974, 3323, 9974, 3324, -9974, 46551
-13299, -4, -13299, -13299, -5, 2, 1, -13299, 5, 13299, 13299, -4, 13299, -5, 53208
-13299, -13299, -13299, 6650, 13299, 13299, -6651, -13299, 6651, -6650, 6648, -6650, -13299, 6651, 73147
9974, -9974, 6650, -9974, -3325, 3324, -9973, 6649, -9973, 9973, 9973, 9974, -9974, -3323, 46542
2, -9974, -11, -6, 9974, 9974, -7, -12, -10, 9, 9974, 1, 4, -12, 10019
-9974, 2, 9974, -9974, -9974, -4, 5, -3, -9974, -4, -2, 1, 9974, 9974, 39903
-13299, 13299, -13299, 2, -13299, 13299, 1, -13298, 13298, -13299, 13297, -13299, 13298, 13299, 66494
-4990, -4989, 4990, -9974, -4994, -4985, -9974, 4987, -4, 9973, 4986, 4984, 4988, 9973, 29936
-9, 1, 9, 9974, 7, 9974, -9974, -9974, -9, 9974, 2, -6, -8, 8, 19970
-7, 4, -6, 9974, -1, 9974, -9974, 9974, -7, 6, -2, 9974, -9974, -5, 19968
-6650, -6651, -6648, -6650, 6651, -6651, -6651, -13299, -6651, -6650, 13299, -13299, 13299, -6650, 73151
2, -2, 4, -5, -9974, 1, -9974, 9974, -9974, 5, -9974, -4, -4, -5, 39910
4988, -4985, 4987, 9974, -9974, -4986, 4988, 9974, -9974, 4988, -4988, 4986, 4987, -4987, 29921
-3324, -3326, -3325, -9974, -9974, -9974, 9974, 9974, -9974, 9974, -6650, -6649, 3324, 6649, 53196
-6, 9974, 6, -9974, -9974, -3, -1, -6, -4, -2, 9974, -5, -3, -9974, 29945
-13298, -13299, 13299, -13299, -13299, 13299, 2, 13299, 13299, 13299, -1, 13298, -13299, 13297, 53196
-3, 9974, -9974, -3, -9974, -5, -2, -9974, -9974, -5, 1, 5, -4, 4, 39912
-4, -5, 3, 7, 6, -2, -7, -9974, -9974, 9974, -6, 9974, 4, 9974, 19963
1, 4, -9974, -5, 5, 5, 9974, 2, -9974, -5, 9974, 4, -4, -2, 19958
7, -8, -9974, 9974, 1, -9974, 8, -2, -9, 9, 9974, 9974, -9, 3, 19966
1, 9974, -3, -2, -3, -3, -9974, -3, 9974, 3, 9974, -2, 3, 9974, 9986
9, -23, 22, 15, 22, -23, 23, 5699, 8, 5699, 21, 23, 5699, 7, 16
-5, 7, 11, -2, 9974, 9974, 9974, -4, 9974, 9974, -9974, 10, -11, -11, 9994
-1, -2, 13299, -13299, -4, -13299, -4, 13299, 13299, -13299, -13299, 3, -13299, 2, 66501
9974, -9974, -2, -9974, 9974, -7, 9974, 9974, 6, -4, -8, -5, 9974, 3, 19964
1, 9974, -5, -9974, 8, -9974, -6, -3, 9974, -9974, 6, -6, 9974, -4, 29937
-9970, -9974, 4, 9974, -9971, -9974, 9974, 2, 3, -9972, 9974, 9971, 9974, 9973, 39887
-9973, -4988, 9973, 9973, 9973, -2492, -2494, -7481, -9973, -9974, 2495, -9974, -4987, -4986, 57348
-6649, 6648, 13299, -6651, 6650, -13299, 13299, -13299, 13299, -13299, 6651, 6651, -6649, 13299, 46547
1, 9974, -5, -4, 6, 9974, -6, 2, 9974, -9974, -9974, -3, -6, 6, 19965
2493, 7480, -4986, 2494, -9974, 9974, 4988, 9974, -7480, -9974, -9974, 4987, -9974, -9973, 52361
13299, -13299, -13299, -6650, -13299, -6648, 6650, -6650, 6651, -6650, 13299, -13299, 6651, 13299, 66495
6651, -6650, -13299, -6651, 6649, -13299, -13299, -13299, -6649, -6650, -13299, -13299, 13299, 6648, 93095
4, -6, 9974, 9974, -5, -3, -2, 6, -6, -9974, 9974, 9974, 6, 1, 9989
-9974, -4983, -9974, 4990, 4986, 9974, -4991, 4982, 4991, -9974, -4991, 4986, 4985, -4984, 39903
-9974, 4985, -4989, -9974, 4989, 9974, 4987, -4986, -4988, -9974, -4986, -4987, -9974, -4989, 59847
-13299, 2, -13299, 13298, 13297, 13299, -13299, -1, -13296, 13299, 13298, -13298, 13299, -13299, 66492
-8, -9974, 9, -9, 1, 9974, -13, 9974, 5, -6, -9, 8, 9974, 9974, 10005
9974, 9974, 9974, -2, 4990, 4985, 4981, -4990, 4992, 4992, -4982, -4991, 9974, -9974, 14966
4988, -4986, -9974, -4988, 4988, 4986, 9974, -4988, -9974, -4985, -9974, 9974, -4987, -9974, 54857
-12, -4, -11, -9974, -12, -11, -12, -10, -2, -9974, -1, 12, -9974, -9974, 39958
-9974, 4988, 4988, 9974, 4987, -4986, -9974, 9974, 9974, 9974, -9974, 4987, 4988, -9974, 34908
-5, 5, 3, -6, -3, -6, -6, -2, 9974, -6, 9974, 9974, 9974, -1, 28
-8, 9974, -8, -7, -9974, -2, -8, 3, 9974, -8, -9974, 9974, -9974, 4, 29953
9974, 9974, -4986, 4988, -9974, -9974, 9974, -4986, 9974, 4989, -4989, -9974, 4989, -4985, 39894
-19, 9974, -9974, 9974, 1, -9, 9974, 19, 9974, -19, 9974, 19, -11, -9, 10021
13, 1, -16, 9974, 9974, 3, 9974, -14, 9974, -16, 15, 12, 16, 9974, 29
9974, -3325, -9974, -9974, -9974, -9974, -9974, 9974, 6650, -3324, 9973, 6650, 3323, -3326, 49871
9974, 4989, -9974, -4988, -4989, -4987, 4985, -9974, 4986, -4984, 4988, 4990, -4990, 9974, 34913
9974, 4989, 9974, -4985, 4990, -9974, -4988, -9974, 4990, -4976, -4989, 4989, 9974, 4975, 29922
13299, 13299, -2, -13299, 13298, 13297, -13299, 13299, -13299, 13299, -13297, -1, -13298, 13298, 53196
9974, 9973, -9973, -9974, -9974, -9974, -4984, 9973, -4988, -2, 4987, 9974, -4985, -9971, 54851
-7, -1, -9974, 9974, -9974, -4, -7, 9974, 7, -9974, -6, -2, -7, 9974, 29948
-4, 9974, 7, -7, -9974, -2, -6, 9974, 9974, 6, -9974, 4, -5, 1, 19964
6651, -13299, 6649, -13299, -6650, -13299, -13299, 13299, -13299, 6651, -6649, 6651, 6648, 13299, 66495
-5, -9974, 9974, -9974, 1, -3, -6, 9974, -2, 9974, -9974, -5, -6, -4, 29946
1, -9974, -9974, -5, -4, -9974, 4, -5, -9974, -2, 9974, 2, 5, -3, 39909
4, -4990, 9974, -9973, 4986, 4984, 9973, 9974, 4989, 9973, 9974, -4985, 9974, 9973, 9974
-7, 6, 1, 5, 9974, 9974, -7, -9974, 4, -9974, -9974, 7, -7, 2, 29935
-4987, -9974, -7483, 9974, 7483, 4986, 2494, 7483, -4989, 2491, 9974, 7480, -4988, -7483, 29930
-13299, -13298, -2, 13298, -13299, 13299, 13297, -13298, 13299, 1, -13299, 13299, -13299, -13299, 79794
-9, 9, 9974, 8, -8, -9, 7, 9974, -4, 9, -7, -9974, 9974, 5, 9998
6, 9, 2, -5699, 21, 5, 4, 44, 5699, 46, 43, 46, 43, 40, 5651
-4988, 9974, -4985, 4986, -4984, -9974, 4988, -9974, -4988, 9974, -9974, 9974, 2, -4987, 44882
19949, -19949, -19949, -19949, -1, 19949, 19949, -19949, -19949, -1, 1, 1, -19949, 19949, 119694
-9974, -3325, -9974, -6650, 6648, 3324, 6647, 6649, -3326, -9974, 9974, -3327, 6650, 9974, 36576
13299, 13299, 6651, -6649, 13299, -13299, 6649, -6648, 6651, -6651, 13299, -6650, 6650, -6650, 33248
-22, 15, 9974, -8, -9974, 22, -13, -9974, 22, 9974, -16, -1, 10, 11, 19985
9974, -3, -4988, 4987, 4989, 4989, -9973, -4986, 9974, 4987, -4985, -9974, -9974, -9974, 44883
-13299, 13299, 6651, -6648, 13299, 13299, -13299, -13299, 13299, -6649, -13299, 6651, 6650, 13299, 53194
9974, -9974, 6, -2, -4, -3, -6, -5, 5, 1, -9974, 9974, -9974, 5, 29935
9974, -4986, -9973, 4986, 9974, -1, 4988, -9974, -9974, -9974, -9974, -9974, -9974, 9974, 64830
-4984, 9974, 9974, 4988, -9974, 9974, 4989, 4985, -4986, 4990, -9974, 4988, 4986, 9974, 19944
9974, 4987, 4985, 9974, 4989, 4988, -4989, -9974, 9974, 4988, 9974, -4986, 4989, 4987, 9975
-4988, -4988, 9974, 4988, -4988, 4987, 9974, -4987, -9974, -4986, 4988, -9974, -9974, 4988, 44885
8, 13, 18, 15, 9974, -12, 9974, 18, 2, -9974, -18, -13, 9974, -5, 10002
-2, -9974, 5, 9974, 4, -9974, -6, 1, 6, -9974, 9974, -7, -6, -6, 29941
1, 3, -11, 2, -10, -7, -10, 5699, 37, 34, 36, 5699, 5699, 5699, 0
-9974, 1, 2, -6, 6, 4, -9974, 5, -3, 4, -6, 9974, -9974, -5, 29935
8, 14, 12, 15, 5, 15, -15, 6, -9974, -9974, -15, 9974, 9974, 10, 19958
5, -6, -9974, -1, -9974, 2, -3, -5, -9974, -6, -9974, 6, 9974, 4, 39910
-9974, 2, 9974, -8, 9974, 9974, 4, -9974, 4, -7, 9974, -9974, -7, -3, 29937
5699, 5698, 5699, 5695, 5696, 5692, 5699, -5670, -2, 4, -3, 7, -12, -12, 0
6650, -13299, 6649, 13299, -13299, -6650, 13299, -6650, -6649, -13299, 13299, 13299, 13299, -13299, 59846
-8, -9974, 9, 8, -1, -9, -4, -2, 9974, -9974, 9974, -9, -9974, 6, 29945
6648, -13299, -6650, 6650, 13299, -6650, -6650, -13299, 13299, -13299, 13299, 6649, 6649, -6650, 53199
6, -4, -7, -2, 9974, -1, -6, 9974, -9974, 9974, 7, 7, 9974, -4, 9990
-9974, -39, -9974, -9974, 39, 1, 9974, -19, -39, 19, 39, 39, 9974, 21, 29979
13299, 6649, 13299, -13299, -13299, 13299, -13299, 13299, -6650, 6650, -13299, -6650, 6649, 13299, 53197
-6, -4, 9974, 8, -2, -9974, 7, 9974, -8, 9974, 7, -5, 3, 9974, 9989
4, -6, -6, -9974, -2, -6, -9974, -5, 1, -3, 9974, 6, 5, 9974, 19969
9974, 9974, 9974, -9974, -2, 6, -7, 6, 9974, -7, -1, 3, -5, 7, 9988
4989, 9974, 9974, 9974, 2, -4984, -4985, 4989, -4985, 4988, 9974, 9972, 4987, 9974, 4981
-1, 9974, 9974, -9974, 9974, -6, 2, -9974, 6, 5, -4, -9974, 6, 3, 29926
5, -9974, -4, -1, 6, -2, -9974, -6, -9974, -9974, 9974, -3, -9974, 6, 49879
-9974, 9974, 6, -9974, 5, 6, 2, 9974, -3, 6, -1, 9974, 4, 5, 19945
-4, 6, 5, 4, 3, 7, -2, 9974, 9974, -5, 9974, -5, 9974, 7, 8
9974, -9971, 9974, 2, 9971, 9972, 9974, -1, 9974, -9973, -9973, 9974, -9973, 9974, 29917
7, -11, -8, 3, -9974, 9, 9974, 9974, 9974, -10, 2, 9974, 4, -9, 10000
-1, -4988, -4985, 4988, 4987, 4987, -4989, 9974, -9974, -4989, 9974, 9974, -9973, -4988, 34913
-4989, -4987, -9974, 9974, 4987, -4989, 9974, 4986, 4989, 9974, 4988, 4985, -4988, -9974, 29927
13299, 13299, -13299, -6648, 6651, 13299, 6651, -13299, 13299, -6650, -6651, 6650, 6651, -13299, 46547
3990, 1995, -7979, 9974, -9974, -7978, -9974, -1996, -7979, -3989, -9974, -9974, -7979, -5984, 73806
6, -2, -3, -9974, 9974, 9974, 6, -9974, -4, -5, 1, -6, 9974, 6, 19961
-3325, -9974, 9974, -3325, -3326, -9974, 9974, 9974, 9974, -9974, 9974, -6649, -6648, 3325, 43221
-4988, 9974, 4984, 4990, -9974, -9974, -4990, -4985, -4990, -9974, -4982, 9974, -4990, 4987, 49875
-4989, 4985, -4988, -9973, 4986, 4989, 2, 9973, -9974, -4989, 9974, 4989, 9973, -4987, 29926
2, -9974, -9974, -9974, -5, -5, 6, 9974, 3, -6, -6, 4, -9974, 1, 39911
9, -4, -9974, -9974, 2, 8, 9, 6, -9974, 3, 4, -9974, -7, -5, 39902
-9974, 9974, -3, -6, 9974, -9974, -9974, -9, -7, 5, 9974, 9974, 5, 1, 29937
-7, 8, -5, 8, -2, 8, 3, 12, 5699, 9, 11, 5699, 5699, 6, 0
4986, -7480, 9974, -9974, 9974, -7480, -4988, -9974, 2494, 2493, -7481, 9974, 4987, 9974, 37403
9, -7, 9974, 4, 9974, 8, 12, 9974, 9, -1, -9974, -9974, -12, -9974, 29929
6648, -13299, -13299, 6650, -13299, -13299, 13299, 6651, 13299, 6651, 6650, -6651, -13299, 13299, 59847
-4984, -9974, -2, -4987, 9974, -9974, 4985, -9974, 9974, 4988, 9974, 9974, -9972, -4988, 44881
-13299, 13299, 6650, 13299, -6651, -13299, -6648, -6650, 6651, -13299, -13299, 13299, 6651, 13299, 59846
-9974, 7, 9, -2, -9, 9, 3, 8, 9, -9974, 9974, 9, -1, -9974, 29924
-13299, 13299, 13297, -13299, -13299, -13299, -13298, -13299, 13299, -1, -13299, -13299, 13299, -13299, 106392
-10, -9974, 8, 9974, -7, 9974, 5, 9, 2, 3, 10, -9974, -9974, 4, 29927
9974, -9974, 9974, -8, -9, -9974, 6, 2, 10, 9, 4, 7, 3, -8, 19961
-9974, 9974, 4987, -9972, 4988, 4986, 9974, 2, -9974, -9974, 9974, -9974, -4985, -4989, 49868
-4985, -4989, 4987, -9974, -9974, -4988, 4989, 4989, -9974, 4987, 4990, 9974, 4986, -9974, 44884
-9974, -4988, -9974, 9974, 4985, 9974, 9974, 4988, -4989, 2, -4987, 4986, 9974, -9974, 34912
-19949, -19949, 19949, 1, 1, 1, -19949, 1, 19949, 19949, -19949, 19949, -19949, -19949, 119692
3, -9974, 10, -9, 9, 9974, 9974, -10, 6, 10, -2, 9, -9, 6, 9992
6651, 13299, 6649, 6649, -6647, -13299, 6648, 13299, 13299, -13299, -6650, 13299, 13299, -6650, 33247
6649, -9974, 3325, 3325, -6650, -6650, -9974, 6649, -9974, -3324, 6650, 6650, -6650, 9974, 43222
4985, 4990, 9974, -4990, 4984, -9974, 4990, 4988, -9974, -4990, -4990, 9974, -4989, 4988, 29933
9974, -9974, -4988, 4988, -4984, -4985, 4986, 4988, -9974, -4988, 9974, -4987, 4989, 9974, 34908
9, -9974, -3, -9974, 9, -7, 9974, -1, 9, 9974, -3, -5, 9974, 5, 19957
5694, 5699, 5696, 5695, 5699, 5699, 5699, 5, -3, 5, -4, -4, 5, -5688, 0
-7, 9974, 4, 9974, 1, -4, 9974, -7, -7, -9974, 6, 2, 7, -6, 9997
-4986, -9974, 4988, -4987, -9974, -4985, 9974, -9974, -9974, 9974, -4986, 4988, -9974, -4988, 64829
10, 11, 5, 11, 9974, -9974, -9, 7, 10, 4, 3, -9974, -11, -9974, 29928
4987, 7480, 4986, 7480, -9974, -7481, -2494, 7481, -4988, -7481, -7481, -7480, -9974, -2493, 49872
13299, 13299, 13299, 13299, 13299, -13299, -6651, -6650, -13299, -6651, -6651, 6650, -6648, -13299, 59849
13299, 4, 1, -3, -5, 3, -13299, -5, -13299, 2, -13299, 13299, 13299, 5, 39904
-9974, 9973, 4987, -4989, -9974, -9974, -3, 9973, 9974, 4985, -4986, 9974, 4988, -4987, 34913
-9974, -4986, -4989, 9974, 4987, -4988, 4989, 4989, -4988, 4985, 4987, -9974, 9974, -9974, 39899
9974, 9971, -9970, -3, -4986, 4988, -4990, 4985, 4989, -9974, -4990, -9971, 4987, -4984, 39894
2, 4, 7, -7, -5, 6, -9974, 3, 7, -7, -9974, 6, 4, -6, 19964
3, -13299, 13299, -4, 3, 13299, -4, -13299, -13299, -13299, -13299, -2, -4, -13299, 79802
2, 2, -9974, 4, 9974, -9974, 5, -9974, -1, -9974, -9974, -5, 4, -9974, 59844
4988, -4989, -9974, 9974, 9974, -9974, -4986, 4989, -4985, -9974, -9974, 4989, 9974, 4989, 44882
7, 2, -9974, 9974, -5, 9974, 6, -7, -7, 4, -6, -4, -1, -7, 10003
-9971, -1, 9974, -9972, 9973, -2, -9974, 9974, -9974, 9970, -9973, 9973, -9974, -9973, 59840
-6651, -6648, 6647, 13299, 13299, 6645, -6644, -13299, 6646, -13299, 6648, 6647, 13299, 6651, 33249
9974, -4992, -4983, 9974, 4989, -9974, -4990, -4988, 4990, -4981, 9974, -9974, -4982, 9974, 39893
-9974, -7, -9974, -5, 9974, 7, 3, 7, 1, 3, 5, 9974, -2, 7, 19954
-4, -8, 9974, 1, -12, -12, 9, -12, 12, 5, 9974, -9974, 12, -9974, 19983
9974, -8, 3, 5, 9974, -7, -2, -1, 8, 8, -9974, -8, 9974, -7, 9998
4, 9974, -9974, -6, 7, 4, 9974, 9974, -3, -7, -2, -6, 6, -5, 9994
9973, -3327, -9974, 6650, 3324, 6650, -3326, -9973, -9974, -9973, 3323, -6648, -9974, 6651, 53195
-9969, 9974, -4991, -4983, -9974, 4984, 9974, -4992, 9974, 4986, 9974, -9974, -4987, 10, 39900
-8, 9974, -4, 6, 9974, -9974, 9, 9974, -9974, 2, -3, -9974, 9974, 12, 29924
3, 2, 4986, -9974, 4988, 4987, -9974, 9974, -4988, 4988, 9974, -4988, -1, -9974, 34910
4985, -4989, -4987, -4987, 4989, -4988, -9974, 4988, -9974, 4989, -4989, -4986, 4989, -9974, 49874
9974, 9972, -2, 1, 9971, 9974, -9971, -9974, 9973, -9973, 9974, -9974, 9974, 9973, 29920
9974, -1, -4, -9974, 6, -4, -9974, 9974, -5, -9974, -3, 2, -9974, 3, 39906
3, -8, -8, 9974, -9974, -9974, 5, -9974, 9974, 4, 2, 9974, 9974, -1, 29930
7481, 7480, -4988, -9974, -7481, 9974, -9974, -2494, 7481, -4987, -9974, -9974, -2493, 4986, 52365
6, -9974, 5, -1, 4, 6, 3, -9974, 5, -9974, 6, -9974, -5, -2, 39897
-3324, -9973, 9974, 6649, 3325, 9974, 9973, 9974, 9974, 9974, 9973, -6650, -9973, -3323, 23269
-9974, 4986, 9974, 9974, -4988, 4988, -4984, -4989, -4985, -4987, -4988, 9974, 4989, -4989, 34911
5, -6, -3, 6, 5, 4, 9974, 1, -9974, -5, -9974, 2, 5, 9974, 19955
2, -3, -13299, 3, 13299, 13299, 3, -1, 13299, 13299, 2, 3, 3, -13299, 26598
-3, 9974, 9974, -1, -9974, 5, 6, -9974, 9974, -5, 4, 6, -2, 6, 19952
-1994, 7978, 7978, 5985, 5986, -4, 5986, 3987, -1993, -5982, -7978, -7979, 3992, 7978, 17951
9974, -8, -6, 3, 5, 9974, 7, -4, -7, 9974, 8, -9974, 2, 9974, 9989
-2, -1, 13299, -13297, 13298, 13299, -13298, -13296, 13299, 13298, 13299, -13299, 13299, -13299, 53193
-8, 7, 7, -7, -7, -5, 4, -1, -2, 9974, 8, 8, 9974, -9974, 9995
10, 9974, 9974, 5, -10, -10, 1, -9974, 10, -6, 9974, -7, -9974, 4, 19970
-9974, 3, -6, 9974, -5, -9, 8, 9974, -7, -4, 7, 9974, 6, 9974, 9993
4987, 4987, -9974, 4987, 4987, -4987, -4984, -9974, 9974, -4986, -4986, 9974, -4987, -4986, 39893
-5, 3, 7, 9974, -8, 4, -6, 9974, -9974, 9974, -8, 9974, -2, 7, 9993
1, 6, 9974, 6, 7, -9974, -4, 9974, -9974, -7, -9974, -4, 2, 9974, 29929
-9974, -3, -13, 9974, -9974, 13, -13, -1, 9974, 9974, -9974, -12, 9, -9, 29959
9974, 4988, -4988, 9974, -4988, 9974, 4987, 9974, 4987, -4988, -4986, -4988, 9974, 9973, 14964
-9973, -9974, 2493, 9974, 4987, -7480, -9974, 2494, 9973, 9974, 4988, -4986, 9973, 9973, 32413
5, -5, -5, 13299, 5, 13299, -4, 13299, -13299, 13299, -5, 13299, 3, 4, 13310
-13299, -13299, -13297, -13299, 13299, -13299, 13297, 2, -13299, 1, -13299, 13299, 13297, -13298, 93090
-13299, 6651, -13299, 13299, 6648, 6652, 13299, -6652, -13299, 13299, -6647, 6652, -13299, -13299, 66495
-9974, -4988, 9973, 9974, 4989, 4985, 9973, -4987, -9974, -9973, -4987, -4989, -1, -9974, 49873
5694, 4275, 5699, 5699, 5699, 5698, 4279, 5, 1420, -4276, 1425, -1423, 2, 1422, 0
13299, 6649, 6650, -13299, -13299, -13299, -13298, -13299, 13299, 13299, 6649, -13299, 1, 13299, 66494
4, 7, -9974, 9974, 6, 9974, -9974, 9974, 8, 5, 9974, 3, -2, 9974, 19940
-13299, -2, 13299, -1, -13297, 13299, -13296, -13299, 13298, 13299, -13299, 13299, 13298, -13298, 66492
-4984, 4989, 4990, 9974, 9974, 9974, 4988, -9974, -4985, -9974, -9972, -4989, 4987, -2, 34906
2, -9974, 9973, -4991, 9974, -9974, 9974, -9974, -4990, 9974, 9974, -4989, -4983, 4982, 39901
-4978, 4979, -9974, -9974, -9974, 4991, -9974, 4992, -9974, -4989, -4990, -4992, 4979, -9974, 69824
-9974, -4983, -9974, 4984, 4986, -4985, -4989, -9974, 4986, -9974, 4985, 9974, -9974, 4984, 54858
7, 9974, -1, 6, 4, 7, 7, 2, -4, -9974, -6, -9974, -6, -9974, 29931
2, -3, 4, 9974, -5, 5, 9974, 9974, 9974, 5, -3, -5, -1, 9974, 11
13299, -5, 13299, 13299, -4, 1, -2, -5, -13299, -13299, 3, -4, 13299, 13299, 26612
9974, 9974, -26, 40, 9974, -4, 25, -23, 9974, 40, 9974, 9974, 20, 19, 8
-7, -9974, -4, -1, 9974, -7, -9974, 2, -7, 9974, 2, 5, -9974, 6, 29940
-6650, -13299, 13299, -13299, -6650, 13299, 13299, -13299, -13299, -6646, 6650, 6647, 6649, -13299, 73145
-4, -9, -9974, 9974, -9974, 2, -7, -6, -3, -11, -9974, 9974, -11, 11, 29961
9974, 2, 9974, -9974, 5, -6, -9974, 3, 8, 9974, 9974, -9, -9, 4, 19961
6, -9974, -7, 9974, 5, 9, -3, 5, -9974, 9, 9974, -9974, -1, 9974, 29923
-5, -9974, -1, -9974, -9974, -9974, -2, 10, 11, 9974, 9974, 11, -11, -9974, 49877
-2, 9974, 6, -3, 6, 6, -5, 4, 1, 4, 5, 9974, -6, -9974, 9983
13299, -6652, -13299, 6651, 13299, 6649, -13299, -6650, 13299, -6652, 6651, 6648, 6647, -13299, 46552
-13299, -6651, 13299, -13299, 6651, 13299, 13299, -13299, -13299, 6650, -6651, -6650, 13299, -6648, 66497
13299, 13299, -13299, -13299, -6650, 6650, 13299, -13299, -6649, -6650, 13299, -6649, 6650, -6650, 59846
12, 9974, -11, -10, 12, 2, -9974, 5, 9, -9974, 4, 9974, -3, 9974, 19958
-13298, 13299, -13299, 13299, -13299, -13299, -13299, -13296, 13299, 13299, 13297, -1, -13296, -2, 79790
-6, 2, 6, -9974, 6, -4, 9974, -9974, -3, -1, 9974, -5, 6, 5, 19960
-5, -6, 1, 4, -9974, 2, 7, 9974, -9974, -9974, -7, 4, 9974, 9974, 29932
-5, 2, 5, 1, -2, 9974, -9974, -9974, -6, 9974, 9974, -6, -9974, -4, 29938
-9974, 9974, 2494, -9974, 7479, -7480, -2495, 7481, -2493, -7481, 9973, -9974, -7483, 9974, 47380
6650, -6650, 13299, -13299, -6651, 13299, 6648, 6651, -13299, -13299, 6651, -6650, 13299, 13299, 46549
12, 7, 9974, -9974, -11, -12, -9974, 9974, 12, 2, -1, 9974, -9974, 11, 29933
-1, 9974, -3, -3, -3, -2, -3, -9974, -9974, 9974, -9974, -2, 9974, 3, 29935
-6649, -6651, -6650, -13299, -13299, 13299, -6651, 6651, -13299, 6648, -13299, 13299, -13299, 6649, 79797
5699, 5699, 5342, 4986, 4987, 4632, 4274, 1425, 713, -3206, 1067, -712, -357, -1424, 0
9974, -5, 9974, 9974, -2, -9974, -4, -9974, 9974, -5, 9974, 1, 2, -5, 19963
7482, -7482, -7482, -7482, -2494, 7481, 9974, 4988, -2493, 4986, -4989, -7482, -9973, 2492, 39903
4, -9974, 7, 2, -6, 3, 9974, -6, 9974, -5, 9974, -9974, 8, -9974, 29928
-6, -9974, 3, -7, 4, 5, 8, 9974, 9974, 9974, -9974, -2, 9974, -9974, 29927
6647, 6650, -13299, 13299, -6652, 6646, 13299, 6648, 6649, -6648, 13299, 6648, -13299, 13299, 26603
3, -3, -9974, 9974, -2, 4, 1, -9974, -9974, -4, 2, 9974, 9974, 9974, 29926
-9974, -1, 5, 9974, 2, -3, 9974, 5, -4, 9974, 5, -9974, -2, 5, 19952
3, 9974, -9974, 9974, -7, 6, 8, 5, -9, 6, 4, 9974, -11, 9974, 9989
9974, -4, 9974, -9974, -1, -6, 6, 5, 6, 9974, -3, -9974, 9974, 2, 19955
-4, 5, 9974, 9974, -9974, 9974, -9974, -3, -9974, -6, 2, 9974, 9974, 1, 29928
13299, -13299, 13299, 6649, -13299, 13299, -3325, 13299, 6649, 13299, -3326, 13299, 9973, -13299, 33249
13299, 8867, -4433, 8865, 8867, -13299, 13299, 13299, -4432, 8867, 4434, -13299, -8866, 13299, 31030
13299, -13299, 13299, 6649, 6649, -6650, -6650, 6650, -6650, -13299, 13299, 6650, 6649, -6648, 39898
-2849, -2843, -2855, -2849, 2849, -2848, 2849, 5699, 2850, 2844, 5699, 2851, 2856, 2852, 8545
-4989, -4991, 4989, 9974, -4990, -4991, 4991, 9974, -4990, -4991, -9974, -4984, 4983, 4990, 34926
-1, 7, -9974, 9974, -5, -9974, 5, 5, 9974, -6, -9974, -3, 2, -9974, 39903
4975, 9974, 9974, 4970, -4990, 4974, 9974, 9974, -9974, -9974, -4990, -4973, 1, -9974, 34930
-2849, 2851, 2849, -2847, -5696, -5696, 2851, 2852, 5699, 2852, 3, 5699, 2848, 2851, 11389
-19949, 19949, 19949, -19948, -19949, -1, 19949, 19948, -19949, 19949, 19949, -19949, -19949, 19949, 99745
2850, 2850, 1427, -1426, -1425, 1427, 1423, 5699, 5699, 1422, 1428, 1424, 5699, 5699, 0
-4, -2, 9974, -6, -9974, -3, -2, 9974, 5, -9974, 9974, -7, -5, -9974, 29942
-9974, 3325, 3323, -9973, 9973, -9974, -3325, 6650, 3324, 9974, -9974, -9974, -6649, 6650, 49869
-3, 11, 15, -9974, 12, 4, 9974, 10, 5, 9974, -9974, -9974, -15, 9974, 29924
4, -7, 9974, 9974, 4, -7, 1, 6, -9974, 9974, 7, -7, 6, -2, 9989
-13296, 2, -13298, 13297, -1, 13298, -13299, -13298, 13299, 13299, 13299, 13299, -13299, -13299, 66491
13299, -13299, 1, -13298, 13297, 13299, 2, -13299, -13298, 13297, -13299, -13296, -13299, 13298, 79789
-13299, -13299, 6650, 13299, 13299, -13299, -6650, -6646, 13299, -13299, -13299, 6647, 6650, -6649, 73144
-4989, 4989, -9974, 4989, -4989, -9974, 4988, -9974, 4987, -9974, -4985, -4987, -4989, 4986, 54861
-6649, -13299, -6650, 13299, -13299, -6650, -6651, -6651, -6651, 6649, -13299, -13299, -6648, 13299, 86447
-4985, -4987, -9973, -9974, 4986, -9974, 4986, -9973, 4989, 2, -9974, -9974, -9974, -9974, 79788
9972, 9974, -9973, -9973, -9973, -4988, -4986, -4987, -9974, -9974, 9974, 9973, -9973, -1, 64828
13299, -13299, -13298, 13299, 13299, -13299, 13299, 2, 13297, -13299, -1, -13298, -13299, -13299, 79793
9974, -4985, -4988, -4988, -4984, 9974, -9974, 4986, -9974, -9974, 4983, -4987, 4988, 4987, 44883
-4, 7, -9974, 9974, 9974, 7, 1, -7, -6, 2, -4, -9974, -5, 7, 19966
5, -4, -8, -7, 9974, -3, 6, 9974, -8, 6, 9974, -8, -9974, -2, 10004
-3, 9974, 9974, 9974, 3, 3, -2, 3, 9974, -9974, 1, 2, 9974, -3, 9978
9974, -9968, -9974, 9974, -9974, 1, -9968, 6, -9968, 9969, 9974, -9969, -2, -9964, 59817
6, 6, -6, 13299, -2, -13299, 13299, -13299, -5, 7, -3, -4, 4, 13299, 26610
-9974, 9974, -4988, 4988, 9974, 9974, -4987, -9974, -4986, -4987, -9974, 9974, 4987, -4988, 44884
7, 14, -15, 9974, -9974, 9974, -5, 9974, -9974, -6, 15, 16, -16, 9974, 19969
-22, 9974, -9, -9974, -14, 15, -9974, 4, 8, -9974, 9974, 19, 22, -18, 29962
13299, -6652, 13299, -6652, 6651, -13299, -13299, 13299, 6652, -13299, 13299, -6648, 6647, 13299, 46550
9974, -4987, -9974, -4989, 4989, 4988, -9974, 9974, 4988, -9974, -4989, -4985, 4986, -9973, 49871
2, 4, -9974, -9974, 1, -4, 5, -9974, -9974, 9974, 5, -9974, 2, -5, 49873
-7, -9974, -5, -2, -9974, 9974, 3, 4, -4, -3, -7, -9974, 9974, -6, 29947
-6, 5, 9974, -9974, 6, -9974, -9974, -9974, 4, 7, -2, 3, 8, -9974, 49868
13299, 13299, 2, 13299, -13299, 2, -1, -13299, -13299, 3, -13299, 13299, -2, -3, 53198
-6651, -6646, 6653, -13299, 13299, 6648, 13299, 6647, -13299, 13299, 13299, 13299, -6652, 6652, 33248
-4986, 9974, 9974, -4987, 4988, 4987, -9974, -9974, -9974, -4988, -4988, -9974, -1, 9974, 49872
7480, 4984, 7479, 9974, 9974, 2494, -2496, -7479, -9974, 4987, -4990, -2495, -9974, 7480, 27434
-9974, 16, 15, -9974, -16, -9974, -15, 6, -2, 9974, 9974, 3, 17, -10, 29947
-13299, 13299, 6650, -1, -6648, -6650, -13299, -13299, 13299, 13299, 13299, 13298, -13299, 13299, 53196
4987, 9974, 4987, 4985, -4989, 4984, -4986, -4983, 9974, -4986, -9974, 4984, 9974, -9974, 29923
-9974, 9973, -9974, 9974, 9973, 2, -9974, -9972, -1, 9972, 9974, 9974, 9973, 9973, 29921
4989, 4987, -4988, -4, 4987, 9973, 9973, -4985, -9974, -9974, -4985, -9973, 4986, 9974, 34909
-3, 10, -6, 9974, 7, 10, 6, -9974, -10, -9, 2, -6, -9974, 10, 19970
-9971, 9973, 3, 9974, 9974, -9974, 9974, 9974, 9972, -9973, 1, -9974, 2, -9974, 39892
3327, 9974, 9974, 9974, -6648, -9974, -6647, 6649, 3326, -3325, -9974, -9974, -9974, -3327, 49869
9974, -9974, -9974, 4986, -9974, 4987, 4987, 9974, 4988, 4988, -9974, -9974, 9974, -4988, 44884
-3326, 9974, -9973, 9974, 6648, -3327, -9973, 3325, -9974, -3322, -6649, 9973, -6652, 6651, 43222
9974, -2, 4988, -9974, 9974, -4985, -9973, 4987, 9974, -9974, 9974, 9971, -9974, -1, 34909
3, -4, -9974, 2, 9974, -9974, 2, 9974, 9974, 4, 1, -3, 9974, -9974, 29924
9974, 9973, -9974, -1, -9974, -9974, -9974, 9973, 4985, 4989, -9974, -4989, 4987, -4987, 49873
-4984, 4988, 9974, 9974, -4989, -4986, -4985, 4985, 4986, -4989, 4988, 4988, -9974, -4987, 29922
8, 9, -13, -13, 13, 4, -9974, -6, 13, 1, -9974, 10, -9974, 10, 29940
-2492, 9974, -4988, 4987, 9973, -9974, -7482, 4987, 4989, 9974, -7481, 2493, -2494, -9974, 34911
-13299, -13299, 13299, -13299, -13299, -6650, 6651, -13299, -6648, 6650, -13299, -13299, 6651, -6651, 99743
-12, 14, -13, -12, -13, 13, -3, 9974, 12, 9974, 9974, -9, -2, 6, 49
6, -9974, 5, 6, -9974, -9974, -2, 9974, 9974, -3, -1, 4, 9974, 9974, 29921
25, 16, -9974, 9974, 7, -9974, -3, 32, -11, 28, -32, 9974, 28, -24, 19983
-9974, 8, 9974, -4, -8, 9974, -9974, -9974, -3, -9974, -5, -6, -7, 2, 39919
9974, 17, 9974, -19, 20, 10, -14, -9974, -13, -19, 9974, 6, 18, 7, 10015
9974, 6, -2, -9974, 4, -9974, 5, 9974, 7, -1, -7, 7, -9974, -7, 29931
-4989, -4988, -4988, -4989, -9974, 4985, 4987, -9973, 4986, -9974, 4988, -4987, -9974, -9973, 64835
5699, 26, 5699, 25, 22, 27, 5699, -5, -3, -2, 4, -6, -6, -6, 0
-1996, 9974, -7979, -5984, -9974, -5984, 9974, 5983, 7979, 7978, 3990, 1995, -3989, 7978, 25932
-13299, 13296, -13299, 13299, -13299, 13296, 13299, -2, -13299, -13297, -1, 13299, -13298, -13298, 79793
-5, 9974, -4, -7, -9974, -2, 9974, 9974, 9, -8, 9, 3, -8, -6, 10004
6, 6, -9974, -9974, -9974, 1, 6, 9974, -3, -2, 4, 9974, 9974, 5, 29920
-6649, 6651, -13299, -13299, 13299, 6648, -6651, -6647, 13299, 6649, 6651, 13299, 6650, -13299, 46546
4982, -4993, 9974, -4987, 4983, -4992, 9974, -9974, -9974, -4992, -4991, -4982, -9974, -9974, 59859
1, -4, 9974, -9974, -4, -3, -9974, -9974, -5, 5, 3, -2, -9974, -4, 39912
4987, 9974, -9974, -4988, 4984, -4986, 9974, 4988, -4988, -4987, 9974, 4985, 4987, -4986, 24937
9974, -5, 9974, 9974, 5, -1, -5, 5, 2, -9974, -9974, 4, -9974, -2, 29929
9974, 3322, -3324, 6648, 9974, 9974, -3323, 9974, 6648, -3324, 6647, 9974, 9970, 3326, 0
-4985, -9973, -9973, -9974, 4988, 4989, -4986, 4989, 9974, -9973, 9974, -9973, 9974, -2, 49865
-9974, -4987, 9974, 4989, -4986, -9974, 4988, -4985, 4986, 4987, -4989, 4989, -9974, 9974, 39895
4988, 4987, 9974, 4988, -1, 4987, 9974, 2, -4, -9974, -9974, -4988, -9974, 4986, 29925
4987, 9974, 4988, -9974, -9974, 9974, 4986, 9972, -9974, -9974, 4985, 3, -9974, -9974, 49870
9974, 4987, 4986, -4988, -4988, -4987, 4988, 9974, -4988, -9974, 4988, -9974, -4988, 4988, 34913
-9, 19, -9974, -18, 9974, -14, -2, -8, 11, -12, 10, -19, -18, 9974, 10054
9974, -4988, 4988, -4986, -9974, 4988, -9974, -9974, 4987, 9974, 9974, -9974, -4985, -1, 44883
-17, -9974, -9974, -16, -10, 9974, -11, -5, -16, -6, 9974, -17, -9974, -12, 30010
-11, 11, 6, -10, 9974, -9974, -9974, -15, -15, 9974, 9, 9, -5, 1, 19988
9974, -9973, -9973, 9974, -9974, 3324, -9973, -9974, 9974, 6649, 9973, 3325, -3323, 6650, 43216
-8866, -13299, 4433, -4434, 8867, -13299, 13299, -13299, -13299, -13299, -4432, -8867, -8867, -8865, 97527
-1, 13299, -13298, 13299, 13296, -13299, 2, -13299, 13296, 13299, 13299, 13299, 13297, -13299, 39897
-4988, 9974, -9974, 4986, 9974, -4990, -9974, 4985, 9974, 4989, 4984, 4987, 4989, -4987, 24939
-9974, 9974, -9974, -4988, -4987, 9974, -9974, 4985, -4989, 9973, 4988, 1, -4986, 9974, 39898
2, -7, 7, 7, 9974, 9974, -9974, 4, 9974, -3, -6, -4, -1, 7, 9987
-9974, 9974, 8, -8, 1, -2, 4, 7, 7, -9974, -9974, -8, -5, -8, 29944
-13297, -13299, -13296, -13298, 13299, -1, -2, -13299, 13299, 13299, -13299, 13299, 13297, -13299, 79791
13299, 1, -13299, -13299, 13299, -13299, -13299, 13299, -13297, 13299, 13298, -13299, 13299, 13299, 66493
6, -15, 9974, 10, -12, -5, 9974, -12, 2, 15, 11, -15, 9974, -9974, 10016
9974, -9973, 9973, -9974, -9974, -9974, -9974, -9970, 9974, -9972, -9974, -1, -9971, -2, 79785
-2, -5, 9974, -6, -3, 5, -9974, -9974, 9974, 9974, -3, -9974, -1, 9974, 29935
9974, -3, -9974, -9974, -9974, 3, 2, 9974, 1, 1, 4, -9974, 9974, -9974, 49868
-6, -9974, 2, 6, 9974, 1, 9974, -9974, 5, 6, -6, -3, 9974, 4, 19956
2, 9974, -4, -7, 6, 1, -9974, -7, 7, 4, -7, -9974, 7, -5, 19970
-9974, -8, -3, -9974, -9974, -8, 9, -8, 7, -4, -9, 9974, 9974, -5, 29955
-4987, 9974, 4988, -9973, 4985, 4989, 9974, 4988, -1, 9973, -9973, -9973, -9974, 9973, 34907
3324, 3323, 9974, -3326, 9974, 6650, -9974, -3325, 9974, -6650, 9974, -6649, -6648, 9974, 26599
-8, -9974, -7, 9974, -4, 8, 2, 9974, -9974, 9974, 8, 7, 1, -5, 19963
9974, 9974, 5, -5, -2, -9974, -5, -3, -4, -4, 9974, 5, 5, -1, 9992
-7, -7, 8, -9, 9974, -4, -5, 2, 6, 9974, -9974, -3, -9974, 9, 19973
6, -9974, -9974, 9974, 9974, -9974, 6, 2, -9974, 10, -9, -10, -3, -9974, 49880
9974, -9974, -9974, -9974, -9974, 4989, -4989, -9974, -4987, 4988, -9974, 4985, 4986, -4987, 64833
5699, 2848, 2849, 2850, 5699, 2847, 5699, 2851, 2852, 2852, -2849, -2851, -2852, -2852, 5705
13299, 13299, -13299, -6650, 6647, 13299, 13299, -13299, 6651, 13299, 6649, -6649, -6648, 6651, 33247
13297, -13299, -2, -1, -13298, -13296, -13299, 13299, -13298, -13299, 13299, -13298, 13299, -13299, 93090
9974, 5, -3, 2, -9974, 6, -5, -4, -5, 6, -4, -9974, 5, -5, 19966
-3, -4, 6, -5, -6, 6, 1, -3, 6, 2, 9974, -6, 4, 9974, 20
13299, 13299, -6649, 6648, -13299, 6651, 6651, 13299, 13299, 13299, -6650, 13299, 6651, -6651, 19950
-9974, -9974, 8, 3, 9974, 5, 2, -9974, -9974, 4, -6, 7, -9974, 9974, 49866
13299, 6650, -6651, 6647, 13299, 13299, -13299, 6648, -6650, 6650, -6649, -13299, -13299, -13299, 59849
-9974, 8, 9974, 6, 10, -9974, -9974, 9974, -10, 3, 10, -1, 7, -5, 29927
-9974, 9973, -9974, -2493, 9974, 9973, 2492, 7481, 9973, 4985, -9974, -9973, 4989, -4989, 37403
-9974, 1, -9974, -4, 9974, 3, 4, 3, 4, 2, -9974, -2, 4, -3, 29926
-2, -9974, -6, 3, 9974, -9974, -1, -9974, -9974, -4, -5, 9974, -5, -6, 39918
9974, 6649, -6647, -9974, 6649, 9974, 3326, -6648, -6649, 6649, -9974, 3325, -9974, -3327, 43219
-4985, -4990, 4987, -4990, -4987, -9974, -4984, -4989, -9974, 4986, 9974, -4988, 4990, 9974, 44887
13299, 13299, -13299, 2, -13299, 13297, -13298, 1, 13298, 13299, -13298, -13299, -13299, 13299, 66493
1, 9974, -6, -6, 2, -9974, 9974, -4, -6, 9974, 9974, -5, -3, -9974, 19971
4989, -9974, 4988, 9974, 9974, -4989, 4985, -9974, 4986, -4989, 9974, -9974, 4988, 4987, 29926
1, -9974, -9974, -7, 7, -6, 6, 9974, 4, -4, 7, 9974, -2, 9974, 19959
13299, 13299, -6652, 6652, -6649, -13299, 13299, 13299, 6649, 13299, 6650, -6651, 13299, 6648, 19952
9974, 2, -5, 3, -5, -3, -5, -5, -9974, -1, 9974, 4, 4, -5, 9997
9974, -4, 2, 7, -9974, 6, -7, -9974, 9974, 1, -7, -9974, 4, 6, 29932
-4, -11, 11, 9974, 7, 5, -11, 8, -1, -9974, -8, 9974, -9974, 9974, 19971
-9974, -9974, -9974, -3, 4, 9974, -9973, -9972, -9972, 2, -9974, 9968, 9971, 9974, 59842
9974, -11, -9, -6, -9974, -9974, 3, 9, -1, 9974, 5, 9974, 13, 13, 19961
-4987, -4988, 4985, 4989, -4986, 9974, -9974, -9974, 4989, -9974, -4987, -4989, 9974, 9974, 44885
-2496, -4987, -4989, -2494, -2495, -2496, -9974, 2493, -4988, -9974, 9974, -7482, -4987, 7482, 49879
5699, 5699, 3796, 3796, 3794, 3800, 3788, 1904, -1896, 1904, 1902, 1904, -1893, -1903, 0
-8, -5, -3, -8, -6, 8, 6, 2, 5699, 6, 7, 4, 5699, 5699, 20
-7, 5, -9974, 2, 9974, -8, 7, 4, -6, -9974, -1, 9974, -9974, 8, 29935
9974, 22, 1, -9974, -25, -24, -9974, -47, 47, -9974, 9974, -47, 35, -9974, 39991
9974, -9974, 9974, -9974, -9974, -9970, 9974, 2, -9972, -9973, -9974, -9974, -1, -9974, 79786
-2494, 4987, 9974, 4987, 7482, -4987, 4987, 7482, 9974, -2491, -9974, 7480, -9974, -7482, 27429
9973, 3325, 3326, 9974, -9974, 6648, -3324, -6649, 6649, -9974, 9974, -9974, -9974, -9974, 49869
-9974, 9974, -9974, -9971, 9971, 5, -9971, -9966, -3, 9968, 9974, -4, -9970, 9974, 49859
-3, 4, 1, -1, -9974, -4, 2, -9974, 9974, -9974, -9974, 4, -3, -9974, 49876
-4985, 9974, 4988, 9974, -9974, 4986, -4984, 4988, 9974, -9974, -4989, -4987, -2, 9974, 29923
9974, -13, 10, 13, -9974, 4, -13, -9, 5, 9974, 11, -2, -13, 12, 10009
9974, -1, 9974, -4986, -4988, 9974, -9974, -4987, -9974, -9973, 9974, 9974, 4987, 9973, 34909
-5, -2, 9974, 12, -9974, -8, -9974, -11, 7, -9974, 3, 6, -9974, -12, 39920
2, -7, 7, -9974, -7, 7, -6, 9974, 9974, -7, -2, 1, 9974, 7, 9995
-7, -6, -9974, 11, 9974, 12, -8, -11, -9974, 12, 9974, 12, 1, -5, 19972
-2, 13299, -13299, 13298, -13299, -13299, -13297, -13299, 13299, 13297, 13298, -13299, 1, 13297, 66495
9973, 9974, -3322, -3326, -9974, -9974, 6649, 9973, -3325, 6648, -6649, 3327, -9973, -9973, 46542
3327, -9974, -9974, -3325, -6648, -9974, -6649, -9974, 6652, 3326, 6652, -9973, 3322, -9974, 66491
-9974, -9974, -4989, 4984, 9974, 2, 4988, 9974, -9974, -4985, -9974, -4990, -9974, 9974, 54860
-6, 9974, -3, 9974, 9974, 5, 6, 9974, -1, 2, 6, 9974, 7, 9974, 2
4986, -9974, 4987, 9974, 9974, 4988, -4984, 4990, -9974, 4989, -4989, 4989, 9974, 4985, 19947
-5, 9974, 9974, -9974, 2, 9974, -6, 3, -9974, 1, 6, -5, 4, 5, 19957
-16, 8, -17, 9, 16, -15, 7, -17, 16, -9974, -9974, -2, 16, -10, 20007
-4, -6, -6, 4, 2, -7, 3, -9974, 7, -9974, -9974, -9974, -7, -5, 39922
-9974, -9974, -16, -16, -9974, -16, -7, -9, 9974, 10, 8, -9, -9974, 1, 39952
-9974, 9974, -8, 9974, -9, 9974, -10, -5, -4, -8, -9974, -10, -6, 3, 19995
-4, 9974, 5, 9974, -6, 1, -2, 7, -9974, -9974, -9974, -9974, -9974, -9974, 59848
4, 9974, 9, -9974, 9974, -10, 11, 11, -9974, -3, 5, 9, -11, 9974, 19958
9974, -17, 9974, 9974, -19, 9974, -9974, -21, -4, 13, -2, 10, -21, 9974, 10035
-5, -8, 9974, 8, -9974, -2, 7, 4, -7, -9974, 6, -3, -9974, -9974, 39911
9974, 4987, 9974, -4988, -9974, 9974, -4988, -9974, 4988, 9974, 4988, 9974, 4987, -4984, 24936
9974, -1, 2, -6, -5, 3, 9974, -4, 6, 9974, -9974, 9974, 5, 9974, 9983
9974, -8, -9974, -9, -4, 4, 3, 9, 9974, 8, 9974, 9974, -9974, -10, 19967
-4987, 4987, -9974, -4989, -9974, 4988, 4986, 4985, -4988, 9974, -9974, 9973, 4989, -4989, 39901
9972, 9971, 2, -9970, 9971, -3, -9973, -9974, -9973, -9971, 9974, 9972, -9968, -9972, 59830
4988, -4985, 9974, -9974, 9974, 4988, -9973, 4987, 9973, -4987, 4986, 9973, -4989, 4984, 24934
-13, -8, 12, 13, -9974, -9974, -9974, -4, 12, 3, -8, -9974, -9974, -13, 49900
-9974, -2, -4, -2, -3, 2, -9974, 9974, 4, 9974, -9974, -9974, 4, 3, 39901
4987, -4986, 9974, 4986, 9974, -9974, 4989, -4985, 4989, 4989, 4988, -9974, -4987, 9974, 24932
9974, -9974, -4982, 9974, 9974, 4992, 9974, -4982, -4987, -4983, 4989, 9974, -9974, -9974, 39884
-13299, -6650, 6650, -13299, -13299, 6651, -13299, -13299, 6651, -6648, 6651, 13299, -13299, 13299, 79793
13299, -13298, -2, 13299, 13299, 13299, -13298, -1, -13299, -13298, -13299, -13297, 13299, -13299, 79792
13299, 6651, -6649, -6647, 13299, -6652, 13299, 6650, -6651, 6648, -13299, 13299, 13299, 13299, 26599
-4984, -2496, -9974, -9974, 9974, 2493, 9974, 2497, -2492, -4987, 4984, 4, 2491, 4984, 29919
9974, 9974, -9974, -9974, 4986, 4988, -4987, -4988, -4987, 9974, -4988, 9974, -9974, 4988, 39898
6651, 6651, -6650, 13299, 13299, 6651, 6650, -13299, -13299, 13299, -13299, 13299, 6651, 6648, 33248
9973, 9974, -4990, 4991, 4984, 4988, -9974, -9974, 4985, 4991, -4986, 3, -9974, -9973, 39897
9974, -9974, 4987, 2, -9971, 4985, 9972, -9974, -4988, 4984, -4989, -4989, -9974, -9974, 54859
6651, 13299, 6648, -13299, -6651, -13299, -6650, 13299, 13299, -13299, -6650, -6650, 13299, 13299, 53199
-9, -9974, -6, -6, -4, 7, -9974, 9974, -9, 5, 3, 7, 8, -9974, 29944
4989, -4989, 9974, -4989, -9974, 9974, -4987, 4988, -4988, -4986, -4987, 4985, -4989, -9974, 44889
2, -6, 9, 5, -9, -8, -6, -9974, -9, 9974, 9974, -6, -3, 9974, 10010
-9974, 9974, 9974, -4986, -4990, -4989, -4990, 4990, -4990, -9974, -4984, 9974, -4986, 9974, 44889
13299, 4433, 13299, 13299, -13299, -13299, -13299, 8867, -13299, 8867, 13299, 4434, -8865, -4433, 53195
9974, 24, -3, 27, -23, -4, -9974, -27, 26, 25, -9974, 4, 25, 9974, 19977
6, -9974, -1, -2, 9974, 6, -5, -9974, -3, -6, 9974, 4, -9974, 9974, 29932
9974, 1, 7, -9974, -7, -2, 9974, -9974, 9974, 7, -6, 5, -3, 5, 19958
-6650, -13299, -13299, 6648, -6651, -13299, -13299, -6651, 6650, -6647, -13299, -6649, 6650, -13299, 99744
9974, 9974, 9974, -9974, -4985, -4986, 4987, -4988, 9974, -4988, 4986, 3, -9974, -9974, 39896
-13299, 13299, -13299, -13299, 6649, -6650, 13299, -13299, 6650, 13299, -13299, 13299, 6649, 13299, 59846
-9974, 7, 9, 6, 1, -9974, 5, -3, 7, 9974, -5, -7, -9974, 9974, 29927
-7, 9974, 9974, -11, 9974, 9974, 12, 9974, 9974, -3, 8, 12, 16, 9974, 2
3, -9974, -2, 9974, 4, -9974, 5, -4, -5, 6, -9974, -2, 6, -9974, 39901
-13299, -13299, 1, -13298, 13299, -2, -13299, 13299, 13299, 13299, 13299, -13297, 13298, -13299, 66494
13299, 1, 13299, -13299, -13299, -13299, 13298, 2, -13299, 13298, 13299, -13299, 13299, 13297, 53196
13299, 13299, -6650, 13299, 6649, -6651, -13299, -6650, -13299, -6649, 13299, -6648, 6650, 13299, 46547
-9974, -4, -9974, -5, -7, -9974, 9974, 1, -5, 2, -6, 5, -9974, -5, 39920
1, -13299, 13299, 13299, 13299, -3, 2, 2, -2, -3, 3, 13299, -13299, 3, 26602
-13299, 13299, -13299, -13299, 6649, 6653, -6652, 13299, -6646, -6650, -6651, 13299, 6649, 6647, 53199
-9974, -9974, 6, 9974, 4, 6, -3, -6, -9974, 2, -1, -9974, -5, -3, 39907
6, -8, -3, 11, 11, -4, -9974, 9974, -9974, -5, 10, 9974, -9974, -9, 29937
13299, -13299, 13299, -6648, 13299, 6650, 6649, 13299, -6650, 6650, -6650, 6650, 13299, -6649, 26598
-13299, -6651, -13299, -6652, -13299, 13299, -13299, -13299, -6652, 6649, 6648, -13299, -6652, 6647, 93102
-13299, 13299, 13299, 13299, 13299, -13299, -6651, -6650, 6648, -6650, 6651, -13299, 13299, 6651, 46549
-6650, -13299, -6650, -13299, -6646, -6647, -6649, -13299, -13299, 13299, -13299, 13299, -6650, 13299, 93091
-5, 6, -9974, 6, -4, -2, -5, -3, 1, 9974, -6, 9974, -9974, 5, 19966
2, 5699, 5698, 3, 5699, 5695, 5699, -5698, -5694, -5696, 4, 5696, 5696, -5697, 17086
9974, 6, 9974, 3, -9974, -9974, -5, -2, 9974, -5, 6, -1, -4, 5, 19958
-9, 9974, -7, 6, -9974, 1, -4, 9974, -9, -9974, -7, 9974, 3, -9974, 29948
-9974, -11, 9974, -1, 9974, -10, -9974, -2, -9974, -9974, 11, 7, 5, 11, 39908
-7, 7, -4, -9974, 2, 5, 5, -9974, 7, -9974, -1, -9974, -6, 7, 39906
7, 5, -8, -7, 8, -8, 8, -9974, -9974, 3, -9974, -2, -1, 9974, 29939
-9974, -7481, -4986, 2494, -9974, -7481, -7481, -7481, -9974, 2493, 7481, 7479, -7481, -7480, 69819
-9973, -9974, 9974, -4, -9970, 9972, 1, 9974, -9974, 9974, 2, -9974, -9974, -9974, 59843
-7481, -4986, -2493, 7480, 7480, 7481, 9974, 2494, 9974, -9974, -9974, -4988, 9974, 7481, 29922
-9974, -4989, 4985, 4986, 4990, 4986, -4987, 4989, -9974, 4984, -9974, -4988, 4990, -4990, 39903
-7480, 2493, 9974, -9974, 9974, 4988, -7481, 9974, -9974, -4986, -2494, -4988, 9974, -9974, 47377
2852, 2852, 5699, 2847, 5699, 2849, 2851, -2852, 2848, -2852, -2852, -2850, 2848, 2848, 5707
8, 7, 2, -6, -5, -9974, -4, -9974, 10, -9974, 8, 9974, 8, 10, 29925
-8, -13299, 13299, -13299, -8, -4, -7, -13299, -13299, -5, -8, 13299, 7, -13299, 66523
13299, 13299, -6648, -6649, -6651, -6647, 6650, -13299, -6650, -13299, -13299, 13299, 13299, -6650, 66494
-6, 8, -9974, -9974, 4, 8, 8, 7, -5, 9974, -3, -8, 7, 2, 19960
-12, 9974, 7, 8, -10, 9974, -3, -12, 6, 10, -9974, -8, 11, 2, 10006
1, -4988, -9974, 9974, 9974, 9974, 9974, 9973, -4987, -4987, 9974, -4988, 9974, -4986, 24936
-4985, 9974, 1, -9974, 4987, -9974, 4988, 9974, 4987, 9974, 9974, -9974, -4989, -9974, 39896
-9974, -4988, 4988, 4986, -9974, -9974, 4988, 9974, 9974, 4987, -4988, -4988, 4987, -9974, 44886
-4985, 4987, -4988, 9974, 9973, -9974, 9974, 9974, -1, 9974, 9974, 4989, -9974, -9974, 29922
3, -1, -5, -9974, 1, 9974, -9974, -9974, 3, -9974, -9974, -4, -9974, 9974, 59848
6650, -13299, 13299, 6649, -13299, -6651, -13299, 6651, -6650, -6648, -6649, -13299, 6651, -6651, 73146
-9972, 4, 9972, 9973, -9974, 9974, 9973, 2, 9973, 1, 9971, -9970, 9972, -9974, 29916
-5, 8, 9, 3, -9974, 9974, 4, 8, 7, 12, 9, -9, 10, -9974, 19949
-9974, 8, -9974, -8, -5, -8, 9974, 9974, 9974, 6, 7, -2, 3, -4, 19965
-7, -9974, 8, -2, 9974, 9974, -4, -4, 3, -8, 9974, 8, -5, -9974, 19968
-1, -2, 13299, -13298, 13299, 13299, 13298, 13299, -13297, -13299, -13298, 13298, -13299, -13299, 66494
9, -5699, 15, 15, 12, 14, 6, 8, 7, 15, 21, 21, 12, 5699, 5677
13299, -13299, -6649, -6648, -13299, -13299, 6650, 13299, -13299, -13299, -6651, 6649, 6651, -6651, 79795
-9974, -9974, 3, -9974, -1, -3, -9974, -9974, -2, -9974, -3, -2, -3, 3, 59854
17, 12, 13, -4, 13, 5, -9, 7979, 13, -13, -13, -17, -7979, 6, 8017
-4, -13299, -13299, 13299, -13299, 2, -13299, -3, -2, 4, -1, 13299, -13299, -3, 66503
-18, 1, 8, -9974, 9974, -9974, -18, -18, 9974, -9974, -11, -9, -9974, -9974, 49925
9974, 9974, 9974, -4987, -4988, 4989, 4989, -4986, 4984, 4989, -9974, 4989, -9974, -4985, 29921
-7, 4, 4, 9974, -6, 9974, 9974, 7, -2, -6, 9974, 7, -9974, 1, 9987
9974, 9, -9974, -6, -9974, 9974, -2, -7, -9974, 9974, 1, -10, 9974, -3, 29939
6, 2, 9974, -9974, -9974, 9974, 4, -1, -5, -9974, -9974, -4, 3, -9974, 49873
-7, 9, -2, -11, 11, 9974, -4, -9974, -11, -10, 9974, 3, -9974, -6, 19986
-2, -9974, -7, -9974, 9974, 4, -9974, -9974, 4, 9974, -1, -2, -9974, -7, 49881
-3, -13299, -13299, -13299, -13299, 7, 13299, 5, -13299, -13299, 7, -4, 1, -5, 79798
55, -54, 9974, 9974, 9974, 9974, -2, -3, -54, 9974, -9974, 54, 39, -56, 10086
-3798, -3801, 1900, -3801, 3, 1899, -3801, 5698, 5699, 3800, 3799, 5699, 1898, 5699, 9502
5, 7, -9974, 4, -7, -9974, -1, 5, -4, 6, 2, -9974, 7, -9974, 39900
-7, 9974, -4, -4, -9974, 9974, 7, -9974, -1, -9974, -6, 9974, 6, 2, 29936
-9974, -9974, 9974, -6651, 3325, 3323, -3325, 3322, 6652, -9974, -9974, -9973, 9973, 6649, 49871
9974, 4985, 4988, 4989, 9974, -9973, -9974, 9974, 4989, 9974, -1, -4986, 9974, 9974, 14960
-6650, 6649, 6651, 13299, 6651, 13299, 13299, -6651, 6651, 13299, 13299, -13299, 6648, 13299, 13301
-1, 6, -8, 8, 9974, 2, 9, 9974, 9974, 9974, -9974, 9, -4, 7, 9977
-9974, -9, -4, -10, 9, 2, 6, -6, 9974, -9974, 3, 9974, -10, -9974, 29949
4988, 9974, -9974, 9974, -9974, 3, -4985, -4986, 9974, -4988, -9974, 4989, 4987, 9973, 34907
9974, -4988, 9974, -4988, 4986, 4987, 4988, 4987, 4988, -9974, 4988, -4987, -9973, 9974, 24936
-6, -6, 5, -8, -4, -9974, 6, -3, -1, -8, 8, 9974, -8, 8, 10009
1901, 5699, 3797, 5695, 5699, 3800, 5696, 3798, 1896, 1902, -1903, 3799, -3796, 3, 0
7, 9974, -9, 9974, 3, 9974, -8, 13, -5, -11, 13, -13, -11, -9, 50
6650, -13299, -6650, -6648, -13299, -6651, -6651, 6651, -6651, -13299, -13299, -13299, 13299, 13299, 86447
-9974, 9974, 6, 9974, 6, 1, -4, -2, 3, 9974, 5, -9974, -5, -6, 19958
3327, 9974, -6652, -3328, 3323, 3321, 6649, 9974, -6648, -9974, 6651, 6647, 3322, -9974, 26606
9974, -9974, -4985, 4987, -9974, 4989, 4984, 4989, -4986, 9974, -4987, -9974, 4988, 4986, 34907
-13299, 6650, 13299, -13299, -6649, -6649, -6651, -13299, -13299, 6648, -13299, 6651, -13299, 13299, 86444
-4986, 4990, 9974, 4990, -9974, -4990, -4985, -4990, -4990, -9974, 4984, -9974, 9974, -4989, 49878
4987, 4988, -4987, 4986, 9974, -9974, 4988, -9974, 4988, 4988, -4988, 9974, -9974, -9974, 39897
13299, 13299, -1, -13298, 13299, -2, 13299, 13299, 13298, -13299, -13297, -13298, -13299, 13298, 53195
2, 4, -5, -9974, -9974, 9974, -9974, 8, 7, -3, -6, 8, -9, -9974, 39908
-2493, -9974, -7481, -9974, -4989, 9974, -7481, -4985, -9973, -9974, -9973, 2492, 9973, -9973, 77296
9974, 9974, 4986, -4989, -4987, -4988, -4989, 9974, -4989, -9974, -4985, 4988, 9974, -9974, 39901
-9974, 4988, 4988, 4988, 4988, -9974, -4985, -4987, -9974, 4987, 9974, 4988, -9974, -4988, 44883
3, -1, 5, 9974, 6, 4, -2, 9974, 6, -9974, -9974, -6, -9974, -5, 29929
6, 9974, 5, -4, -1, 6, -6, -2, 9974, 9974, -5, -6, -3, -9974, 9994
31, 30, 5699, 27, 31, 5699, 31, 2, -14, -4, 5, 1, -14, 5, 0
9974, -4984, -4986, 4989, 4988, -9974, -9974, -4985, -4989, 4990, -9974, -9974, -4989, 4984, 54855
-9974, -6, -9974, -4, -7, -7, 7, -9974, 3, 4, 9974, 6, -9974, 9974, 39910
5, -4, 5, 2, -9974, -9974, 9974, 1, 9974, 9974, 9974, 5, -2, -5, 19953
-9974, -4989, -9974, -9974, -4985, -4989, -9974, 9974, 4988, -4984, -9974, -4990, -4986, -9974, 79793
6651, 6650, 13299, 13299, -6651, 6650, -13299, 13299, 13299, -6649, 6651, 6649, -13299, -6648, 33247
1, 13296, 13299, -13297, 13299, -13299, 13299, 2, -13299, 13299, -13299, 13298, 13298, -13297, 53192
5, -9974, 7, 9974, -7, -4, 2, -9974, 1, -9974, -6, 7, -7, 5, 29938
15, -16, -16, 12, 9974, 2, 14, -4, 9974, 9974, -9974, 9974, -13, 3, 10006
9974, 4987, -9974, -4990, -4980, -4982, 4990, -4990, -9974, 4989, 4989, 9974, 4985, 9974, 29920
