6981, 9974, 998, -4987, 1994, -3989, -997, -6981, -6980, 6980, 9974, -9974, -6981, -5983, 38894
9974, -22, 26, 28, -9974, -23, -26, -28, 2, 26, 7, 4, -28, 9974, 10072
-2660, 3994, -7979, 1329, -3993, -3993, -1330, 3994, -7979, 1332, 3994, -3994, 2662, -2663, 29268
9974, -3, 5, 6, -4, -6, 6, 9974, 6, -9974, -4, -1, -2, -6, 9993
7979, -5319, -5319, 5318, -2661, 7978, -1329, -3988, -5319, 2660, -5320, -3991, -7979, 2659, 33246
4986, 9974, -4985, 9974, -7480, 7479, -4989, 9974, 7480, 2495, -2494, -9974, -4988, -7480, 32416
4989, -4993, -4981, -9974, -9974, 4990, -4982, 4983, -9974, -4981, -9974, -9974, 9974, 4988, 59836
9974, 9974, -4987, 4984, 4987, -4986, -9974, 4987, 4985, 4983, -4987, -4986, -4988, -9974, 34912
-9974, 17, -9974, 12, 17, 2, -19, 3, -19, -17, -17, 9974, 19, -15, 20015
-9974, -9974, 3, 9974, 9974, -9974, -5, 9974, 5, 4, -4, -1, 2, -5, 29930
7480, 9974, -7483, -2495, -4987, 2496, 2491, 4988, 7483, 9974, -2492, -9974, 9974, -7483, 24940
-9974, -9974, -6, 9974, 1, -11, -9974, 2, -4, -10, 12, 9974, -9, -6, 29955
2658, -2662, -5319, 5320, 5321, 7979, 2663, 7979, -2659, 5321, 2660, -7979, -5316, 7979, 15956
-3990, -4, 3992, -3989, -3987, -7979, 3992, 7979, 3992, -3991, -3992, 7979, -3988, 3989, 23941
9974, 5, -6, 9974, 3, 9974, 1, -9974, -5, -9974, 6, -2, -4, -9974, 29932
-3, 7978, 7976, -7978, 7977, 7979, 1, -7979, -7979, -3, 7979, -2, -7977, -7977, 31919
-7, 9974, -7, -8, 2, -9974, -5, -3, -4, -9974, -9974, 6, -9974, 9974, 39920
2493, -4987, 9974, 4986, 2495, 7481, -9974, -7480, 9974, 9974, 9974, -9974, -7481, -7481, 37403
-9974, 2, -9974, 5, 9974, -4, -9974, -9974, 3, 2, -4, -6, 9974, -5, 39907
1, 9, -9974, 9974, -9974, 4, -9, -6, -9, 7, 9974, 2, 4, -9974, 29936
9974, -5, -9, 1, 8, -9974, 2, -9974, 9974, -9, 6, -8, -8, -5, 19982
9970, -4984, 4, -9974, 4983, -4991, -4987, 9970, -9974, -4990, 4990, -4991, 9974, -9974, 44891
9, 6, 10, 8, -4, -15, 11, 3, 7979, 7979, 14, -10, -14, -15, 40
-3, 9974, 4988, 8, 4988, 4983, 4988, 9974, -9974, -4987, -9974, -9974, -9974, -4, 39899
4987, -9974, 9973, -4986, -9973, 9973, -9973, -9971, -4988, 1, 9972, 2, 9973, -9973, 49864
-3994, -7979, 3987, -3985, -3993, -7973, -3988, -3986, 7973, 7973, -7973, 7979, -6, -3992, 39890
7, -7979, 7979, 15, 13, -1, 2, 12, -7979, -7979, -4, 7979, -7, 9, 23933
-9974, -9974, 9974, 2493, -4989, -9974, -4985, 2495, -7481, 9974, 9974, 9974, -7479, 4987, 44882
-5, 7976, 7975, -7976, 7979, -7974, -3, -7979, 7975, -7979, -4, 2, 7976, -7978, 31919
9974, 9973, 8, -9970, -9968, -9974, -6, 7, 9974, -9967, 9966, 9968, -9974, 9973, 39885
6, -7974, 7977, 4, -5, 7972, -7969, 7979, -7979, -7979, 7975, 7979, 7973, 7974, 23927
-8, -8, 9974, -3, 7, 8, -8, -9974, 5, -4, -8, -9974, 9974, -1, 19979
-5, 6, 7, -8, 9974, 8, 9974, -3, -5, 9974, -9974, -9974, 9974, -4, 19962
795, -6390, -7185, 796, -794, -7979, 6390, 7183, 7184, 7979, -796, 7979, 7185, 7184, 15165
-3, -7979, 17, 7979, 14, -6, -4, 13, -22, -7979, -9, 16, -7979, 7979, 23958
-9974, 7, 1, -2, 9974, -4, -7, 4, -9974, 9974, 6, -7, 9974, -9974, 29934
4, -7, 7979, -5, -7, -7979, 3, 6, -4, 7979, 7, 9, 2, 9, 7992
3992, -7979, -7979, 3989, -3991, -3989, -3, -7979, 7976, -3992, -7979, -3991, 3987, -3988, 43891
8, 2, -7979, -7979, 3, -9, 11, 8, 11, 7979, -7979, -4, -2, -6, 23946
1, 9973, -9974, 9974, 9974, -2, 9973, -9970, -9970, -9974, 9972, 9973, 9974, -9974, 39890
-9974, -8, 9, 7, -9974, 6, 3, 9, -8, 6, 2, 5, 9974, -4, 19957
9974, 3, -9974, 6, -9974, -9974, -9974, -5, 8, -7, -7, 9, -8, -11, 39920
6650, -13299, 13299, 6651, 6651, 6648, -6650, -6651, 13299, 6650, -13299, 13299, -6650, -13299, 46549
9972, 4986, -9973, -9973, 4988, 9974, 9972, -9972, -2, 9973, 1, -9974, -9973, 4987, 39893
-11, 9, -7979, -7979, -10, -10, 12, -7979, 11, 3, -7979, -10, -2, 4, 31945
9974, 6, -7, -9974, -4, 6, -8, -3, -9974, -7, -9974, -9974, -9, -5, 39927
9974, 9974, -9974, 2, -5, -9974, -4, -5, 6, -9, 9, -3, -7, -9, 19980
2, -12, 6, 12, -5, 11, -12, -10, -16, -9974, -9974, 12, 16, 9974, 19986
4987, -9974, 9974, 4988, -7479, 4986, -9974, 4988, 9974, -7482, -2495, 2492, -7482, 9974, 34912
6650, 5320, -2658, 1329, -5320, 6649, 7979, -7979, 6649, -7979, 2661, -7979, -5321, -1330, 30587
9974, -9974, -2492, -7480, -4982, -4983, -4992, 9974, -4984, 2498, -9974, 4992, -9974, 4991, 49861
-7, -4, -1, -3, 9974, -9974, 9, -9974, -9974, -9974, 9974, 7, -9974, 6, 49875
22, -12, -7979, 18, 12, -14, -6, 5, -9, 7979, 7979, 7979, 10, 13, 7996
7979, -2664, -2661, -2660, 2665, -2663, 2659, -2664, -4, -2662, -5323, 7979, -2666, 5323, 18643
3325, 3323, 3326, 6651, 6651, -3325, -9974, -9974, -9974, 6650, 3322, -6651, 9974, 6651, 29925
7979, 11, 7979, 7979, -9, -2, -4, -10, 4, -10, -3, -12, -11, 12, 47
-13299, 6652, 6648, -13299, 6650, -13299, 13299, 13299, -6649, -13299, 13299, -6651, -13299, -6649, 73145
-1, -13, 9974, 16, 16, 16, -9974, -9974, -12, -15, -2, -14, 4, -9974, 29962
-1994, 7979, 7979, 7978, 3987, -7974, 5981, -4, -3992, 7975, 7979, 1993, -5982, 7979, 11967
-4987, -9974, -9974, 9974, -4987, 4986, 4988, -4987, -4988, 4988, -9974, -4987, 9974, 4988, 44884
9974, -4, 8, -10, 16, -12, -11, -8, 6, -9974, -5, 6, -9974, -9974, 29955
9974, -1, 9974, -6, 9974, -7, -5, -9974, -6, 7, 9974, -4, 9974, 2, 9995
-7, 2, -6, 7, 5, -8, 8, 6, -9974, 3, -6, 4, -8, -8, 10007
6651, -6648, 13299, -13299, 6649, 6651, -6651, 13299, 13299, -13299, -13299, -6651, -6649, -13299, 66497
-9972, -9970, -5, 9973, -9973, 2, -9974, 9973, -9971, 9974, -9972, -1, -9974, -9974, 69812
-9974, 4, -9974, 5, 8, 8, 4, 7, 5, -2, -7, -1, -9974, -7, 29930
-4989, -2496, -4989, -4989, -7480, 9974, 7479, -4988, 9974, 9974, 4985, 4986, 2493, -9974, 29931
2, -8, 9974, 9974, -9974, -9974, -5, 3, 6, 4, 9974, -9974, -7, -3, 29935
6648, 13299, -6649, 13299, 6650, -6650, -13299, -13299, 6650, 6650, -6649, 13299, -13299, 13299, 46547
8, 10, -4, 7, -7, 7, 5, 6, -9974, 9974, 10, -2, 9974, 9974, 9975
1995, -998, -7979, 2995, 2994, -1996, -7979, 7979, -1996, -1998, -2994, -7979, -999, -2995, 33920
3, -7979, -7978, -7976, -7978, -7979, -7978, -7978, 1, 7977, 7979, -2, -7977, -7977, 63823
35, 76, -216, -75, -112, 1, -40, 442, 367, 402, 442, 442, 407, 408, 0
5985, -3991, 3989, -1994, 7979, 7979, 1996, -1995, 3990, 3988, 5985, 7979, -7979, 5985, 7980
-4, 8, 5, 8, 8, -7, -2, 7979, 6, 7, 9, 7979, -7, 3, 10
9974, 7, -4, -7, -8, -8, 9974, -9974, 4, -10, 10, 2, 9, 3, 10000
-6652, 6650, -9974, 3324, 3326, 3322, -6649, -3325, 9974, -6647, 9974, 6646, -9974, 9974, 33248
-10, 9974, -3, 4, -8, 9974, 10, -10, -9974, 6, -9974, -5, -9974, 1, 29947
7, 4, -8, -9974, -8, 9, 7, 8, -6, 2, 7, -9974, 3, -5, 19965
3990, -3993, -3986, 2, 7979, -7977, 7976, 3989, 7979, 7979, -7979, -7978, 1, 7978, 23934
-13, 14, -5, -11, 14, -4, -14, -9, -9974, 14, 8, 9974, -9974, -9974, 29960
9974, 12, -15, -9974, 15, 17, 3, -10, -8, 5, 9974, -9974, 7, 6, 19963
4987, 9974, 9974, -4981, -4988, 4988, -9974, -4974, 4991, 4988, -4988, -7, -9974, 9961, 29924
-9974, -9974, 4, -9, -4, 7, -6, 2, 9974, 8, -8, 1, -9974, -9, 29948
9974, 6, 9974, -3, 6, -9974, 8, 9974, -5, -1, -9974, 4, 6, -9974, 29922
9973, -9967, -9968, 2, 9974, 9972, -9971, -9971, -9974, -9969, 9966, -3, 9972, 4, 49849
-9971, 9974, -9971, -9974, -1, 9974, 9974, -9972, 4986, -4988, -4987, 2, 4987, -9972, 49862
7, 8, -7979, -13, -11, -7979, 9, -6, -3, 7979, -13, -14, 2, 10, 16002
-7, 4, 6, -2, 7, 3, 5, -9, 9, -8, 9974, 9974, -9, -9974, 9998
-9974, -9974, 6, -9974, 9974, 7, -5, 7, -2, 7, -9974, 7, -1, 2, 39896
2, -9, -9, 9, 1, -6, 4, -4, 8, 7, -9, 9, 9, 9974, 27
2, 4, -17, -7979, -7979, 7979, -10, 9, -16, 7979, 3, 16, -15, 14, 15997
-7, -9974, 12, -9, -4, -10, 13, 9, -3, 9974, 6, -13, -9974, -7, 19987
-3987, -3992, -3991, -3993, -3990, 3989, -7979, 3990, -3988, -3986, 3989, 3991, -3992, 7979, 31919
7973, -3, 7977, -7978, -7974, -7979, -5, 7979, 2, 7976, -11, -7976, 7968, -7979, 31926
5, -9974, -4, -3, -9974, -7, 1, -5, -7, -4, 9974, 9974, -9974, -9974, 39918
-2659, -5318, -7979, 2657, 7978, -5320, 5319, -2660, 2663, 7979, 5320, -7978, 5318, -2661, 26596
-9974, 9974, 4, -9974, -5, 3, -1, -2, 9974, 9974, -3, 9974, 5, -5, 19958
7979, -3990, -7979, -3985, 3991, -3986, -3989, 3988, 3994, 3991, -3992, 3993, 3992, 3987, 19942
-1, 7978, 2657, 7979, 7978, 5320, 5322, -5322, -5318, 5321, 2659, 7979, 2661, 2662, 2662
-4988, -4984, 9974, -4986, 4987, 4989, -9974, 4987, -4989, 4990, -4985, -4990, -4990, -4988, 39900
-7979, -7979, 3989, -4, -3992, -7979, -3989, 7979, 3991, -3990, -7979, 3991, 3987, 3988, 35912
-4, -3, 7, 6, 7, 9974, 6, -2, 9974, -9974, -9974, 9, 9974, -5, 19952
7, -15, 11, 10, -13, 7979, -5, 10, -8, -3, -13, -7979, -9, -15, 8044
-14, 9, -12, 1, -13, 9974, 4, 14, -9974, 10, 9974, 15, -2, -12, 10011
1, -9974, 9974, 2, -4, -6, 6, 7, 9974, 7, -4, -5, 9974, 9974, 9985
-13, 12, -11, -10, 7979, -4, 6, 3, 13, 7979, -14, 2, -7979, 7979, 8015
-2, -5, -9, 10, 10, -4, 7, -10, 9974, -9, 6, 9974, 8, -9974, 10001
4, -4, -4, 4, -9974, -9974, 9974, -2, 1, -2, 3, 9974, -9974, 9974, 29929
-1596, 3195, 7978, -4788, 3190, -7978, 7979, 7979, -1597, 7978, 1594, 6383, 7979, 7978, 7980
14, 7, -10, -10, -2, -4, -9974, 9974, 9974, -9974, -9974, 5, 9, -14, 29947
-7, 2, 9, -9, 9974, -3, 4, -9974, 3, -9974, -9974, -6, -6, 9974, 29943
7979, 7979, -47, 47, 13, 7979, 15, -29, 47, 7979, 44, 47, -31, -45, 92
-9968, 9970, 9974, 9968, 9974, 9973, 9971, -9974, 3, 9972, 9974, 9974, -2, -9974, 19944
9974, 6, -5, -6, 1, -3, 6, 9974, 9974, -2, 9974, -9974, 9974, -4, 9987
-8, 9974, 7, -9974, -1, 9974, -8, -6, -5, -9974, -4, 2, -8, -9974, 29953
-4987, 9974, 4988, -4990, 9974, -4986, -9974, 4989, 4984, 4990, -4990, -9974, 9974, 4985, 29927
9974, 9974, -2, -3, 4, -9974, 8, -7, 5, 6, -6, -9974, 8, -7, 19963
-4987, -9974, 9974, -4986, 9973, 2495, 7479, 9973, 7479, 9973, 7479, -4987, 4988, -2494, 17454
13, -9, -7979, 20, -20, 7979, -8, -11, 9, 7979, -3, -7979, -12, 13, 16000
-9974, -7481, -2493, -7479, 4988, -9974, 4987, -7478, 4987, 7481, 2495, -9973, -4986, -2496, 52360
-4985, -4988, -4984, 4986, -4988, 4990, -4987, 9973, 9974, 4989, -4990, 9974, -9974, 4987, 29922
-2660, -7979, -3990, -2658, -2659, -7979, -7979, -3989, -3990, -1330, 2661, -3989, 1331, -1329, 45212
-7, -9974, 9974, -7, -9974, 1, -2, 9974, 4, -4, -6, 7, -6, -6, 19978
9974, -4986, 4, -4989, -4987, -4989, -4988, -9974, 3, -4987, -9974, 2, 9974, 9974, 44883
9, 8, -2, -9974, 9974, 9974, -9974, 9974, 9, 1, 9974, -9, -7, -2, 19958
9974, -9974, 9974, 4987, -1, -9974, 4987, -2, -4984, 4990, 9972, -9974, -9973, -9972, 44880
-2, 8, -8, 6, 7, -4, -7979, 7979, 7979, -5, -3, 7979, -7979, -6, 15976
-4985, 9973, -9974, 4988, 4988, 9974, -4988, -4987, -9974, -2, -4986, 4990, -9973, -4988, 44883
2, 9, 10, -6, -11, -6, -9, 3, -13, -13, 10, 7979, -13, -7979, 8035
-2, 7, 9974, 7, -3, -1, -9974, 5, -6, -7, -9974, -9974, 6, -9974, 39907
-4987, 4989, -9974, -4986, -4985, 4984, -9974, 4989, -4987, -4988, -9973, 9973, -9974, 9974, 54854
-14, -55, -7979, -4, 19, 7979, -55, -40, 7979, 14, 7979, 7979, -7979, -55, 16122
3, -9974, 10, -9974, -9974, 4, 8, -2, -8, 5, -8, 6, 5, -8, 29937
1995, -5985, -3994, -7979, 5985, 7979, -1996, 3985, 3989, -1997, 3987, 5983, 5983, 3987, 13972
-7982, -1992, 9973, 5982, -3991, -9974, 3989, -9974, 5986, -3988, -5985, -9974, 5986, -5986, 49872
4987, 4988, -9974, 4989, -9974, -4987, 4989, -4986, -4988, -4985, -9974, 4988, -9974, 4988, 49868
4988, 4988, -4987, -1, -9974, -9973, -4986, 9974, -9974, -9973, 9974, -9973, -4987, 9974, 54854
5, 6, -9, 10, -2, -7, 4, 8, 7979, -9, 7979, -1, 10, 7979, 17
14, -9974, 6, 5, -9974, 14, 8, 2, 8, 14, 11, 12, -14, -12, 19955
9, 8, 7, -3, 9, -1, -9974, -9974, -5, 9974, 9, -5, 6, -9, 19961
-37, -27, 10, -26, 45, 36, -9, 37, -37, -9974, -26, -9974, 9974, 9974, 20064
10, 9974, 9974, -3, -10, -12, 6, 2, 9974, -9, 11, 4, 9974, -9974, 9993
-8, 3, 4, 9974, 9974, -9974, 9974, 6, 9, -9974, -9974, 7, 2, 6, 29919
9974, 9974, 2, 9974, -9974, -6, 8, -4, -3, 11, 11, -11, 13, 9, 9984
1, -9974, -2, -9974, 5, -4, 9974, -5, -5, -9974, 9974, -2, 4, -5, 29939
7, -9974, -7, -8, 3, 7, 9974, -9974, 1, 6, -9974, -9974, 7, 2, 39902
-12, 9974, -3, 13, -6, -10, 2, -13, -13, -8, -9, -9974, 9974, 4, 10033
-7979, -7, -5, -8, 6, 10, 9, 4, -7979, 7979, 7979, 9, -13, 3, 15977
-3, 9974, -9974, 9974, 9974, -6, -3, -2, 9974, -5, -1, 4, 9974, 9974, 9987
9974, -9972, 9972, -9970, -2, -9971, 4, -3, -9974, -9972, -9969, -9971, -9974, 9974, 69804
9974, 9974, -9974, -3324, 6650, 6649, -6650, 6649, -9974, -9974, 9974, 9974, -3325, -3325, 36572
13, -10, 12, -12, -3, 2, -10, 7979, -7979, 13, -13, -7979, -1, -7979, 23971
18, -9974, -9, -21, -18, -6, 22, -9974, -26, 9974, 9974, 11, 12, 20, 20001
4988, -9974, 9974, 4988, -9974, -4990, 4987, 4989, -4987, 4984, -4988, 4989, 4990, -4983, 29924
-7979, -3989, 7979, -7978, -5985, -7979, 7980, -9974, -1995, -7979, 1996, 1994, -7978, -9974, 61836
-14, 14, -16, -4, 5, -7979, -16, 10, 7979, -13, -16, -16, 18, 3, 8055
-9974, -6, 10, 9974, -17, -9974, -9974, 9974, -9, -20, 9974, -1, -25, -9974, 39948
9974, -3, -9974, 9974, 6, -2, 9974, 5, 1, -4, -9974, 5, 6, -9974, 29924
-3, -9974, -6, -5, -4, 9974, 9974, -9974, 8, -9974, 6, 9, 10, 9974, 29927
-5, 10, 3, 7979, 4, 8, 10, 7979, 12, 2, -10, -7979, 10, 9, 7981
5, 11, -10, -7979, 4, 1, -10, 6, 7979, -2, -8, -10, -9, 10, 8016
9, 3, -4, 9974, -6, 9974, 7, 5, -8, -11, -11, 11, -9974, -10, 10010
-7979, 3991, 3990, 7979, -6650, -7979, 1329, 3992, -2659, -3987, 7979, 3990, 2663, 5318, 21275
-5320, 5319, 7979, 2661, -5317, 2659, -7979, -2662, 7976, 5318, 7979, 7979, -2660, -3, 15962
4, -9974, -9972, 9971, 9974, 9974, 1, 9972, 9973, -2, -9973, -9972, -9970, 9971, 39889
-7978, -7978, -7979, -2, -7979, 7978, 3989, -7978, -3989, 7976, -1, -3988, -7978, -7977, 55848
-9974, -9972, 9973, -9971, 9970, -2, -9974, -9974, 1, 9974, -9972, 4, -9973, -9973, 69811
-7979, -1, 13, 7979, -13, -7979, 7, 11, -3, 12, -2, -7, 7979, 12, 15970
-5317, -7979, -1331, -2659, -3990, -2662, -5317, 6648, -5319, -7978, -1330, 6648, 2659, 7978, 35903
9974, -4988, 4990, -4990, 4990, -4983, 4984, 9974, -4988, 4990, 4989, 4982, -4989, 4989, 14966
-6, 2, -9974, -9974, 9974, -5, 9974, 10, 8, 9, 10, 10, 9974, -1, 19949
-7979, -4, -8, 4, -11, 7979, 1, 7979, -11, -7979, 7979, 2, 10, 11, 15980
7, -8, -8, -2, -7979, 1, 7, 7, 4, 7, -7979, 6, -7979, 4, 23945
7979, 2659, -2657, -2661, 5319, 5318, -5319, -1, 7979, 5319, 7979, 5316, 7979, 2656, 2663
-7, -4, -9974, -6, -9974, -7, 1, -4, -5, -9974, -9974, 6, -2, 7, 39923
-3, 9974, 6, -2, 10, 10, -9, -9974, -7, -9, 9974, 9974, 6, 4, 9992
3, -9, 7979, 11, 7979, 7979, 7979, -9, -11, 7979, -8, 7, -1, -7979, 8005
1, -5, -8, 9974, 8, 9974, 4, 9974, 4, -9974, 7, -7, -2, -6, 9993
5, -2, -6, -8, 9974, 9974, 7, 8, -4, 3, -6, -6, 8, -8, 30
-12, -7979, -13, 7979, 7979, 4, 9, 1, 11, 12, -13, 7979, 8, -2, 8005
10, 10, 9974, -7, -9974, -6, -3, -11, 12, 2, -9974, -12, -4, -12, 19990
-9973, -1, -3325, 3324, -9974, 9973, 3325, 9974, -9974, -6649, -9974, -9974, -6650, 9973, 56520
-9974, 9974, 9974, 4994, 9974, 4979, -4995, -1, -9973, 9973, -4980, 9974, 9974, -9973, 29922
-8, -7, 9974, 5, -8, -7, -2, -6, 3, 9974, -9, -4, -9974, 8, 10015
-6, -2, -9974, -1, -8, -8, -7, 7, 4, 9974, -9974, -9974, 9974, 9974, 29945
3323, 4, 9974, 9973, -3328, 6647, -3329, -6648, 9969, 6648, 6648, 3322, -9974, 6646, 13305
7093, -5614, 5616, -2364, 2365, -7979, -5615, 3252, -7979, 886, -3252, 2363, -7979, 4730, 32803
8, -7, -9974, 9974, -6, 2, -8, 9974, -3, -7, 9974, -6, 5, 4, 10001
11, 9, 7979, -1, 7979, 7979, 7979, 7979, 3, -4, 13, -12, 8, 5, 2
4988, -9974, 9972, 9972, -4989, 9972, -9974, -9972, 4989, 4985, -9974, 4989, 2, -4986, 39895
-2, 9974, 9974, -9974, -7, -1, 9974, 9974, 4, 7, -9974, -6, -6, 3, 19962
5023, 3243, 5025, 5023, 3403, 6649, -1774, 6649, -1621, -1630, -6649, 5190, 1623, 1628, 5027
-5, 6, -3, 5, -9974, 6, -4, 5, 6, -6, -1, 9974, -2, 6, 9988
12488, 13379, 14271, 13380, 11597, 12488, 12487, 892, 1783, -4460, -4460, 1784, -4460, -891, 0
-13299, 13299, -6650, 13299, -13299, -6651, 6651, -6650, -13299, -6651, 6648, 13299, -6650, -13299, 73149
2, -5, 11, -4, 7979, 1, 6, -7979, 11, 10, 10, 8, 10, -7979, 15955
-3989, -3987, -7979, -3986, 7978, -3988, 3991, 3993, 3990, 3992, -7979, -3993, -3989, 7978, 31911
5, -6, -9974, 3, 4, -2, 9974, -9974, -1, -2, -9974, -9974, -9974, -9974, 59848
7979, 9, 9, -3, -9, 7979, 1, -7, 7979, -8, 4, -2, -7979, 4, 7998
-7, 9974, 9974, 6, -15, -8, -22, -9974, -15, 14, 15, -16, -16, -17, 10067
15, 16, -6, 2, 17, 17, -7979, -7979, 18, -18, -7979, -7979, -21, 5, 31939
-15, 15, -15, 12, 11, 1, 3, 4, -9974, 14, 15, -9974, 14, 9974, 19962
8, -9974, -6, 4, -9974, -9, -2, 9, -4, 3, -7, 9974, -9, -8, 19982
-9974, -7, 6, -7, -7, -6, -2, -7, 7, 3, -1, -7, 9974, -4, 10014
4, -9974, 12, 15, 9, 3, -15, 11, 12, -9974, -2, -13, 9974, -15, 19977
-7979, -7979, -7979, -5985, 3990, -1995, 7979, -1997, -5984, -3986, -3993, 3988, 1994, -7979, 47877
-4988, 9974, -9974, 4989, 9974, -9974, 9974, -1, 4985, 4988, -9974, -4986, -9974, 9973, 39897
4, -8, 6, 9, -4, 10, 7979, 9, 7, -5, -9, -7, 8, 7979, 19
-3988, -7979, -7979, -5981, -3990, 7979, -1996, -7979, -1997, 3987, -5982, 3990, 3991, -3992, 43885
-2663, 7979, 2668, -2669, 2666, -2664, 3, -2669, -2667, -2, -6, 2660, -2666, 7979, 13336
3, -3, -1, -4, -9974, 9974, -2, -5, 9974, -9974, 5, -5, 5, 9974, 19962
189, 188, 95, 7979, 44, 188, -237, 145, -7979, 50, -7979, -94, 49, 237, 16051
3, -9974, -9974, -4, -4, 5, 9974, -6, -9974, -9974, 2, -9974, -6, 5, 49881
-9974, -9974, -9974, 9973, 6650, 6650, -3324, -6651, 9974, 3325, 6649, -9974, -3325, 3323, 43222
2, -9974, -9973, -9974, 9973, 4985, 4988, 4989, -4989, 4989, 4989, -4986, -4987, -4992, 39901
9974, 4989, -4987, 9974, 9974, 4983, -4988, 4984, 9974, -4988, 4987, -4988, 9971, 4985, 9979
-9974, 5, 3, -5, -9974, 9974, 9974, -1, -5, -2, 4, -4, 9974, 3, 19959
-7979, 5, -2, 7, 7979, 7, -7979, 5, 3, 6, 7, 8, -4, 7979, 15954
16, -9974, 14, -9974, 16, -13, 3, 14, 4, -16, -16, 5, -12, 13, 19988
7979, 1, -8, -7979, 7, 5, -9, -11, 8, -11, -11, 3, -7979, 2, 15996
2, 10, -7979, 11, -1, -11, -4, 7979, 7979, 7979, 11, 8, -4, 7979, 7987
-9974, -1, -4, -3, -9974, -9974, -5, 2, 9974, -3, 4, -5, -3, -9974, 39914
-9974, 10, 4, -9974, -5, 10, 9, 7, -8, 12, -3, 9974, -2, -9974, 29927
9974, -10, 4, 7, 9974, -6, -2, 9974, -10, 9974, 9974, -3, 7, -9, 28
-1, -4989, -9974, 9974, -4986, -9974, -9974, 4988, -9974, -9973, -4989, -9974, -9973, -4985, 79792
3994, -7979, -3989, 4, -3990, 7975, -3985, -3992, 7975, -3988, 3994, 3987, -3991, -7979, 31914
-8310, -9974, -9974, -1662, -9974, 8311, 8310, -9974, -8311, 9974, -6649, 9974, 1, 1663, 56516
6, -9974, -9974, -9974, 7, 9974, -1, -7, -2, 5, -2, 9974, -9974, -9974, 49874
1, 1426, 712, 710, -1424, 1425, -4275, 5699, 5698, 5699, 4273, 4989, 4986, 4989, 0
-7979, 7979, -3987, -3988, 3987, -3989, 7970, -7979, 3992, -3981, 3993, -4, 3982, -3989, 27922
-7979, -5321, 5319, 2657, 7976, 5318, -5316, 2655, -7979, -5317, 5320, 2659, 2656, -5319, 29254
13299, -13299, -5, -13299, -13299, 4, 2, 13299, 3, -13299, -5, 13299, 13299, -3, 53202
-9974, 3, -8, -15, 15, 9974, 15, 9974, 1, -7, 9974, -9974, -5, 9, 19967
-6, -3, -9974, 9974, -9974, 3, -7, 9974, 9974, -6, 9974, -9974, -2, 9974, 29937
12, 7979, -13, -2, 7, -16, -7979, 6, -17, 7979, -7979, -7979, -3, 11, 23969
-5699, 4, 10, 17, 5, 13, 9, 20, 19, 16, 5699, 24, 19, 12, 5670
-4988, 4987, -4990, -4984, -4985, -9974, 4990, 9974, 4986, -9974, -9974, 4990, 4989, 4987, 39895
3988, -7979, -7977, -3989, -2, -3987, -7979, -3992, 3992, -7977, 7979, -7977, -7979, 3990, 51859
-7979, -2661, 7979, -5319, -2660, -5316, 2662, 2658, 2659, -5320, -7979, 7979, -2663, -5321, 37239
9973, 1, 9974, -9974, 4990, -9974, -4988, 9974, 4984, 4990, -4989, 9974, -4990, -9974, 34915
-3990, -7979, 7979, -1999, 3989, -5985, 7979, 1995, -5987, -3993, -3992, -5980, -1996, -3988, 37910
3424, 5699, 4561, 2279, 1137, 4561, 5698, -1138, 2283, 3420, 5698, -4561, 2281, 2281, 0
-11, 2, -3, -7979, 10, -11, -5, 4, 11, -7979, 8, -12, 11, 7979, 15985
-7979, -3994, -3985, 1, 3994, 3984, -3986, 7977, 7979, 3992, 7977, -4, 3990, 7979, 11970
-5, 7, -7, -6, -4, 9974, -8, -7, 8, -3, 9974, -8, 2, -9974, 10012
9974, -9974, -8, -8, 9974, -8, 7, 6, -2, -6, 4, -5, 9974, -3, 10004
6648, -7978, 5318, -7979, 3990, 6648, -5318, 1331, 1330, 6648, -7978, 3990, 7979, -2660, 23934
-9974, -9974, 8, 9974, 1, 9974, -4, 4, 9, 6, 2, 7, -9, -9, 19960
-9973, 9974, 9970, -9973, 9973, 9967, -9972, 1, 9974, -9973, 9968, 2, 4, -9969, 39886
-5, 4, 7979, 7, -9, -7979, 7979, 3, -7979, 2, 7979, 6, -7, 8, 15969
-4, 1, 9974, -9974, -4, -6, -6, 7, -9974, -9974, -2, 7, 9974, 7, 29936
7979, 10, -11, 11, 7979, -8, 7979, 7979, 1, 4, 10, 2, -10, -4, 21
-9974, 7, -8, 9974, 7, 2, -1, -9974, 9974, 8, -3, 6, 8, -8, 19959
4655, 3324, -1329, 4655, 7314, 4654, 7979, 1995, 665, -7979, 2660, 7314, -5319, 7979, 6648
3, 6, 9, -9974, -9974, -2, 9, -4, -10, -9974, -7, 6, -9974, -7, 39914
-10, -3, 5, -7, 10, -10, -7979, 4, 7979, -7979, 6, -7979, -2, 8, 23957
4988, 4989, 9974, 4985, -9974, -9974, 4987, 9974, -4986, 9974, -4989, -4984, -9974, 4983, 34909
1, -6, 9974, -4, 9974, 9974, 4, -9974, 5, -5, 6, -9974, -6, -2, 19964
-6, -5, -9974, -11, 9974, -9974, -10, -14, 15, -10, -7, 9, -8, -3, 20006
-5, 9974, 9974, 9974, -6, -6, -2, 9974, 1, -6, 9974, 6, -3, 4, 21
4988, -9974, 4986, -4988, 4987, 4988, 4987, 1, -4988, -4988, -2, 4987, 4986, -4988, 24939
9974, -4, 5, -2, 9974, 6, -8, 6, -8, -9974, 3, -7, -9974, 8, 19967
-3, 7979, 7979, 7978, -7978, 7978, -7977, 7975, -7976, 2, -7978, 1, -7, 7979, 23940
9974, 7482, 2492, 4989, -4984, 4988, -2493, -9974, -7482, 7481, 7480, 9974, -7482, 9974, 22441
3988, -3991, -7979, 3989, 3987, -7979, 3989, 3991, -7979, -7979, -3992, -3990, 3992, 3988, 35910
-8, 7, -9, 10, 10, -2, -8, -9974, 7, -6, 3, -9, 4, 9, 10005
-9, 9, 9974, 9974, 9, -6, 7, -3, 6, -5, 8, -9974, -9974, 4, 19958
-9974, 12, -10, -10, -10, -4, 2, -9974, -8, 9974, 9, 12, 5, 3, 19977
14, 7979, -7965, -3996, 7979, -13, 3990, -3977, 7979, -7979, -7979, 7977, -3987, -3988, 31905
-11, 2, -12, -1, -10, 9, 4, -9974, 9974, -12, 12, -11, 9974, -9974, 19992
-7974, 7979, 7979, 3, -7976, 7976, -7975, -2, 7977, 7977, 7979, 7976, 4, -5, 15953
13, -11, -18, -7979, -6, -18, 3, -7979, -5, 18, -12, -7979, -7, 21, 23992
-3, 7, -9974, 9974, -10, -5, 9974, -9974, 4, 9974, 7, 3, -9974, -5, 29934
3988, -3, -1, 7978, 7979, 7979, 3986, 3990, -3992, -7979, 3991, 7978, -7974, 7979, 11970
6651, 3325, 3323, -6649, -9974, 3327, 3327, -3325, -3324, 9974, -9974, 9974, 9973, 9974, 23272
-3, -9974, 9, 4, 6, 9, 9974, -9974, -5, -9974, 12, -8, 9974, 6, 29925
8, 9974, -9974, -6, -9974, 4, -3, -9974, -8, -7, -11, -5, 7, -6, 29956
-9974, 4, 8, 9, 9974, -2, -7, 3, 6, 10, -9, 9, -9, -4, 9994
9974, -10, -9974, 9974, 6, -9, 8, -11, 5, 9, 7, -9974, -4, 3, 19968
16, -9974, -10, 10, -9974, 16, -10, -9974, -16, 8, -1, 9974, 9, -7, 29949
3992, -1, 3994, 7978, 7978, 7979, 3991, -3987, -7979, 3985, 4, -3990, 7979, -7979, 15957
-9974, -3, -1, -6, 4, -6, -6, 2, -5, 9974, 9974, 9974, -6, -4, 10004
-4987, -7482, -7482, 9974, -2493, 9974, -9974, -4987, 2494, -7482, -4988, 7481, -2492, 4989, 42393
9, -4, -9974, 2, -9974, -5, 4, -3, 7, 7, -6, -9, 9974, -9974, 29939
-9974, -2, -4, -3, 9974, 5, -9974, -2, -5, 5, 9974, -1, 9974, -4, 19963
-5320, -5321, -7978, -2660, -2658, -2659, -5321, 4, -7979, 5319, 7979, -7978, -7979, 5321, 47874
-5, -9974, 1, 9974, 9974, 4, 5, 6, -9974, 6, 9974, -3, -2, 9974, 19951
13, -4, 3, 10, -7979, 7979, 13, -6, -7979, 8, 5, -7979, 7, 10, 23933
-4985, 4989, 9973, -9973, 4989, -9974, 9974, -4989, -4989, 9973, -9974, -1, -4987, -4987, 44885
-11, -4, 14, -14, 2, 9, -13, -10, 7, 3, -14, 7979, -14, 13, 64
-6, -8, -8, -1, 4, -5, -2, -9974, -9974, -9974, 9974, -9974, -3, -9974, 49894
-18, 7, 12, 14, -11, -19, -24, -9974, -18, 9974, 6, 19, 12, -18, 10057
-7978, 1, -7977, -7975, -7979, 7971, -4, -2, -7979, 7978, 7973, -7, -7977, 7976, 39899
-4988, 4983, 4987, -9974, -4987, -9974, -4989, 9974, -9974, 4988, 4986, 4985, -4990, 9974, 39902
-3993, -7975, -7979, 7979, -3986, 2, 3991, -3992, -3, 7979, 7977, -7976, 3985, -7979, 35905
9974, -9974, -4985, -9974, -4989, 4988, -4986, -4986, -4987, -4989, 4987, -9974, -4988, -9974, 64832
-2, 3, -9974, 3, 9974, 9974, -3, -3, -3, 9974, 2, 1, -9974, 3, 19955
7978, 7978, -4, -2, 7977, -1, 7975, -7979, -7978, -7979, -7978, 7978, 7977, 7976, 23942
12, 7, -16, -9, 15, 18, 14, -4, -6, -18, -8, 7979, -17, 7979, 56
-5, 5, -5, -4, 4, -2, 9974, -1, -5, -2, -9974, -5, -9974, -9974, 29945
6650, -13299, -6650, 13299, -13299, -13299, -13299, 6652, 6651, -6648, -13299, -6651, -6649, 13299, 79794
6, 2, -1, 6, -6, -9974, 3, -4, -9974, 4, -6, -5, -9974, -6, 29943
-9974, 2492, 7480, 2494, 7482, -9974, -7479, -4988, 4986, 9973, -2495, -4988, 7480, 9974, 29924
-4986, 4987, -4984, -1, -4988, 4989, -9971, -4987, -9974, 4989, -9974, -9974, 9974, -4986, 54853
-21, -9974, -9, 33, 9974, -1, -24, -33, -9974, -25, -13, 24, 9974, 9974, 20040
9974, 9974, 4, 4, -9974, -1, 2, 3, -2, 4, -4, 4, -9974, 4, 19950
4, 9966, -9968, -9972, -5, -9974, -9969, -9972, -9972, -9974, 9973, 9974, 9970, -2, 59834
8, 5, 8, 3, 10, 7979, -4, 7979, -7979, 7979, 6, 8, -7979, -2, 15953
-4993, 4994, -4994, 9974, 4981, -9971, 4980, 9971, 9971, -4985, 9, -9974, 9974, -9971, 34914
9971, -4986, -9974, -9974, -4984, 4, -9974, 4990, 4990, 9974, 4985, -4987, 4989, -9974, 44879
9974, -9974, 3324, 6650, -9974, -9974, -6651, 3325, -9974, -3326, 6651, -3323, 9974, 9974, 43222
-5, 4, -9974, 12, -9974, -9974, 7, 9974, 9, -3, -10, 9, -8, -10, 29945
-2, -3988, -3989, 7979, 7979, -3991, -3991, 3987, -3989, 3991, -3990, -3989, -7979, 7979, 27930
9974, 4, 9974, -8, -9974, 6, 9974, 9974, -2, -1, -6, 9, 9, -4, 9985
7979, 7979, 8, 4, -8, -8, -6, 2, 7979, -4, -7, 1, 7979, 7979, 23
-5985, 5986, 5986, -1994, -5984, -5984, 1995, -3992, -5983, -5983, -7979, -5986, 1996, 1993, 41891
-9972, 1, -9973, 9974, 9974, 9974, 9973, -9973, 2, -9973, -9973, -9974, 9971, 9974, 49864
4, 7, -9, -9974, 3, 7, 8, -7, -2, -5, -6, 9974, 9974, -9, 10002
-7979, 7979, -3420, 1140, -7979, 2279, -7979, 4558, 3419, -2281, 6839, 4559, 5700, 6839, 21659
-4, 9974, -8, -5, 9974, -2, 7, 9974, 8, 9974, -1, -7, 8, -8, 26
-9974, -9974, 9974, 4984, 4983, -4987, -4982, 4989, -4987, 4989, -4985, -4989, 4986, 4988, 34907
-7979, -7979, 3991, -3988, -3993, -7979, 3992, 3993, -3987, -3989, 3990, 3991, 3986, 3993, 31915
3, 7979, 10, 7979, 4, -13, -12, 2, -4, 11, -7979, 7979, 11, -13, 8006
7979, 7975, -7973, 4, 4, -7979, -2, -7974, -7976, 7979, -7974, -7979, 1, 7979, 39880
6, 3, -6, -7, -9974, 2, 9974, -9974, 4, -7, -4, 9974, 1, 7, 19964
-4, -6, 5, -9974, 6, -9974, -2, 6, 1, -9974, 3, 5, 5, -9974, 39901
6651, 6651, 3990, -6650, 6649, 7979, 1329, 7979, -3990, 7979, 7979, 1328, 5322, -1330, 3991
1993, 7979, 7979, 1997, -1994, -5986, -7979, -3989, -1995, 3992, -5984, 5986, 7979, -5985, 25933
-9974, 4982, -4989, -1, 4988, 4990, -4990, -4984, -9974, -4990, -4990, -9974, 9974, 9974, 44894
-9, -9974, -10, -3, -4, 8, 9, 9974, -10, -2, -7, -9974, 6, -9974, 29956
8, -9, 9974, -6, 6, 1, -2, -4, -9974, -9, -11, -10, -11, 8, 10024
-9974, 9974, -9, -5, -4, -13, -10, 9974, -7, 7, -13, 9974, -9974, 2, 19994
7979, 3989, -3992, -3993, -3984, -7978, 3990, 7978, 7977, 2, -3988, -3987, -7978, 3993, 27921
9, 9974, -9974, 7, -4, 9974, 9974, 9974, 10, -7, 5, 1, 9974, -5, 9979
-9974, -9972, 4, 9972, 2, -9974, -3, -9967, 9969, -9971, 9974, -9968, 9970, 9974, 49855
-8, -4, -9, 9974, -9974, -9974, -5, 9, -9, 9974, 2, -3, 9974, -6, 19981
-1, -12, 2, 9, -12, 10, -10, -7979, 6, 7, -4, -11, -11, -12, 8039
6, -7979, -1, -9, -6, 8, 5, -9, -8, -9, -9, -7979, -7, 2, 16006
-7481, 4986, 9973, -9974, -7481, 4986, 4988, 9974, 9974, -2493, 9974, 9974, -1, 9974, 17456
3, -1, -9974, -9974, -3, -1, 5, 9974, -9974, -9974, 9974, 9974, 4, 5, 39895
2494, 4986, -7480, -9972, -9972, 2492, 7481, 9974, -9974, 9974, 2493, 9972, -4988, 4987, 32413
9, 8, 7, 4, -2, 7, -1, 9974, 9974, 9, -9, 6, 9974, -4, 6
4985, -4986, -4990, -4984, 5, 9974, -9973, -4989, 9973, 9965, -9974, -4, 4986, -9974, 39900
7979, 12, 7979, -12, -8, 10, -3, -7979, -5, -7979, 11, 11, 1, -2, 15975
4990, 4985, 4990, -4984, -4989, 4989, 9974, -9974, -9974, 4986, 4987, 4988, -4987, -4989, 29923
9974, -6649, 9973, -9973, -3322, -3326, 4, -6648, 9973, -3325, 9969, -9974, 6651, 3323, 33243
2, 6, -5, 6, 6, 7, -6, -4, -7, -1, 6, -9974, 7, -4, 9993
9974, 9974, -9974, -3326, -3325, 9974, -6648, -3324, 6649, 3324, 9974, 3326, 9974, 9974, 16623
7, -7979, 3, 5, -7, -7, 6, 7, -2, 4, 7979, -7979, -8, -7979, 23951
4988, 9974, 9974, -4988, -4986, -4988, 9974, -4987, 4988, 9974, -9974, 4987, 4985, 4986, 19951
2, -9974, 9974, -8, -5, -1, 8, -8, 8, -9974, 9974, -4, -7, 9974, 19972
-10, 5, -3, -7979, -2, 9, -10, 7979, 10, 8, 9, -4, -7979, 7979, 15974
3989, -1330, 3990, 2659, -5320, -6649, -6650, -6650, 7979, 7979, 7979, 1329, 3990, 7978, 18620
-6, 2, 9974, -4, 2, 1, -6, 6, -6, -9974, -3, 9974, -9974, -9974, 29940
7482, -2495, 4987, 2494, -9974, 7482, 4987, -7481, -7482, -9974, -9974, 2492, -7482, -9973, 54861
-7977, 7979, 3, 6, -2, -7973, 7977, -7974, -7974, -4, 7976, -7976, -7975, 7979, 39876
17, 7979, 9, 16, 7979, 7, -12, 7979, -18, 6, 8, -18, -7979, 12, 8002
-2660, -2661, 5320, 2659, 5317, 5319, 7976, 5318, 7979, -7979, -7979, -3, -5320, 7979, 18623
-9974, -4990, -4984, -4982, -3, -4987, 9974, -9974, 4985, -4987, -9974, 9974, -4983, -4986, 54854
5, -5, 9974, -9974, 3, 4, 5, 3, -9974, 4, -1, -9974, -5, 2, 29927
-4, 8, 8, -7, 2, -8, 8, -7979, 7979, -4, 6, 3, 7, 5, 7992
9974, -4983, -4991, -9974, -4986, -9974, -4990, 4991, -4988, 9974, 9974, 4987, 9974, -4987, 39899
-14, 10, 9974, 9974, -9974, 4, 14, -9974, 9974, 11, -7, -6, 9974, -3, 19961
12, -14, 15, 16, 7979, -15, 6, -13, 14, 5, 4, 16, 7979, -3, 26
4988, 9974, -9972, -9974, -4989, 1, 4988, 4984, -4987, -4986, 9974, -9972, 9974, 9973, 34906
3991, -5984, 1995, -3988, -7979, 3990, -7979, 7979, -7979, -1994, -7979, -1997, 3989, -5982, 43882
9974, -4988, -4988, 4987, 9974, -4983, 9974, -9974, 9974, -4988, 4989, -4984, 4989, -4989, 29923
4985, 9974, 9971, -4986, -4989, 9974, 4987, -9974, -4, 4990, -4984, -4987, -9974, -9974, 39898
2, -7977, -7975, -7978, 1, -7978, 7979, -7, -4, 7978, -7971, 7974, -7974, -7978, 47863
-4990, -4986, -9974, 4990, -4985, 4983, 4990, -4984, -4988, -4991, -4991, 4986, 4989, -9974, 44889
-2, -6, -9974, 9974, -9974, -1, 9974, 9974, -8, -7, 9974, -5, 9974, -9974, 29942
-6383, 7979, 3193, -7979, -6383, -1594, -7979, -1599, 3192, -6385, -3191, -4788, -7979, -4786, 51067
9974, 3, -9974, 9, -9974, -2, -8, 9, -8, -9974, -1, 9974, 9974, 6, 29931
-9974, -9973, 9973, 1, -9974, 9972, -2, -9972, -9974, -9971, 9973, -9973, -9974, 9974, 69813
1, -2, 5, 6, 7979, -6, 5, -5, -6, -4, -7979, 5, -7979, 3, 15974
-4, -5, 7, -9974, -9974, -1, -9974, 9974, 2, 6, 7, 9974, 4, -5, 29929
-9974, 9973, -9974, 1, -9974, -9971, -9974, -9974, 9974, -9974, 9973, 9974, 3, -1, 59842
9974, 4990, -9974, 9972, -4985, -4988, -4987, -4990, 4984, 9974, 9974, 4987, 9974, -2, 19952
-5321, 5319, 2660, -2658, -5321, 7978, -2657, -5321, 5321, -7979, -5321, -2664, -7979, -2660, 39902
-5, -4, -9974, 6, -2, -9974, 6, 9974, -6, 1, 2, -5, -9974, 9974, 29937
-6645, -9974, 3324, 9974, -3324, -6649, -9974, -6643, -6644, -9974, -3323, 9974, -3323, -3322, 59828
-9973, -9973, -4989, -4989, -9974, -1, 9974, 9973, 4987, -9974, -4988, -9974, 4985, -4988, 59849
-9, 9974, -7, 9974, 2, -9974, -8, 6, -9974, 4, -3, -7, -9974, -9, 29954
7976, 7979, 3994, -3993, -3994, 6, -3986, 3988, -3994, 7979, -7976, 3985, 7978, 3986, 15964
9974, -8, -3, -9974, 9974, -8, 7, 2, 9974, -9974, 4, -9974, -10, 6, 29940
2, 11, -11, 11, -1, 11, -10, -4, 9974, -9974, -9974, -10, 7, 9974, 19972
-4990, -9974, 4990, 4981, 4979, -9974, 4988, -4982, -4989, 4990, 4990, 4980, 9974, -4990, 29930
-9974, 4986, 9974, -4988, 1, 9974, -4986, -9974, -4987, 9974, 9974, -4988, 9974, 9974, 29923
9974, -3330, -6649, 9974, 9974, 3324, -6655, 3327, -6655, 6655, 6653, 3325, -3320, -9974, 26609
-3, 6, -9974, -9974, -6, -9974, -9974, -7, 1, 9974, -5, 8, -5, -9, 39921
3325, -3324, 9974, -9974, -3327, 6651, -9974, 3323, -6650, 6651, 6651, -9974, 6649, 6650, 33249
5319, -7978, -5319, -5317, -2657, 7978, -5318, -7979, 2661, 5318, 2662, 7979, -5319, -2660, 34568
2, 5, -6, -9974, 6, -9974, 1, -9974, 4, 9974, 9974, 3, -5, 9974, 29926
4986, 7481, -2493, 9974, -2494, -7480, -9974, -9974, 4987, -2495, 9974, -9974, -7481, 7481, 42391
-6, -9974, -7, -9974, 7, -9974, 1, -12, -8, 9974, -8, 9974, 12, 5, 29950
1, -8, 9, -10, 9, -7, -5, -10, -4, -6, -7979, -8, -7979, 2, 16005
9974, 9974, -9974, -9974, 5, -9974, -3, -8, -6, 2, 7, 7, -6, 4, 29935
-9974, -9974, -9974, 9974, -4989, 9974, -9974, 9974, 9973, 4987, 1, 4985, 4986, -9973, 44884
9, 10, 10, -10, -9974, 10, -4, 3, 8, -5, 9974, 2, -7, -9974, 19962
11, 11, 8, 7979, 10, -4, 3, -7, -6, 7979, 11, 7979, 5, 6, 3
9974, 9974, 9974, -3325, 3326, 3324, 3322, -9974, 6650, -6648, -9973, -9974, 6650, -3327, 33247
-1, 4, -9970, 2, -9973, 9971, 9973, -9971, -9974, -9974, -9968, -9973, 9971, 9968, 59830
-14, -18, -18, 9974, 3, 16, -5, -18, -4, 12, -18, 9974, -18, 9974, 92
3974, -3990, 3978, -3995, -3995, 3978, -3993, 7979, -3994, -3975, 3973, 7979, -7967, 7979, 23941
7979, 7979, 8, 12, 7979, -16, -7, -6, -16, -18, -16, -9, -5, -15, 86
7979, 1, 20, 20, -2, -18, 13, -17, 18, -18, 7979, 20, -19, -4, 57
-9974, 4993, -4981, -9973, -9974, -4992, -2, -9974, -9974, -4994, -9973, 9974, 4980, 4994, 64837
37, 9974, -37, -1, 12, -38, 37, -2, -9974, 38, 9974, -37, -27, -9974, 20051
11, -11, 2, 9974, -6, 8, -9974, -9974, 9974, 4, -1, -5, 9974, 11, 19959
-7, -9, 7979, -9, -3, 6, 5, 9, 9, 7979, -4, -9, -3, -7979, 8011
5, -7974, 7973, -6, 7968, 7973, -8, 7979, 7971, 7979, 7968, -2, 7972, 7972, 11
-10, 6, 7, 12, 10, -9974, -3, -9, -9, 8, 5, -12, 10, -1, 10005
-19, -9974, 4, 9974, -9974, -32, 35, 31, 23, 35, 19, 12, -17, -35, 20015
8, -4, -8, -7, -7979, 2, 7, -1, 4, -5, 8, 6, -7979, -7979, 23953
3325, -9973, -9974, 9974, 9974, -3327, -9974, -3326, -6649, 9973, 6648, 9973, 1, -6649, 39898
-19, -7979, 7979, 46, -46, 7979, 14, -7979, 20, 46, 46, -3, -7979, 12, 23956
-1, -7, -12, -7979, 11, 7979, -7979, 12, 3, -7979, -2, 11, 7979, -7, 23952
-7979, -2, 10, -5, 7, 7979, -1, -3, -11, -10, 9, -11, 7979, -10, 8020
2, 9974, -9972, -9974, 9972, 4989, 9973, -4987, -4985, 4988, -9974, 9974, 4986, -9974, 39892
-1, 9974, -7, 8, -2, 9974, -4, -6, -9974, 5, -4, 9974, -8, -9974, 19971
-9972, 9974, -9971, 9970, -9973, 9972, 9974, -9974, 9974, 9970, 2, 9973, -9973, 3, 39889
-9974, 2, -9974, 9974, 9974, 9973, 9974, -9972, -9973, 9974, 1, -9974, -9973, -9974, 59840
-9974, 9974, -7980, 7979, -5985, 7979, 3990, 5984, -7979, -1994, -3989, 7979, 5985, 1995, 27927
9974, -7978, 1996, 1994, -3990, -7979, -9974, 1995, 7980, -7977, 7980, 7980, 5984, -7979, 35903
7979, 2658, -2660, -5321, 2659, -5321, -5321, 1, -7978, -7979, 5319, 7978, -7979, -7979, 42559
-1, -8, 7979, -7979, 7979, 10, 3, -7979, 1, 6, 5, 7979, -10, 7979, 15966
-6, -2, 3, -3, -9974, 9974, 1, 3, 9974, -9974, -5, -6, 5, 5, 19963
-9, 8, 9974, 9974, -3, -9974, -6, -9974, 4, 11, -7, 7, -2, -9974, 29937
-9974, -9974, 3, 9974, -8, -9974, 4, -9974, -6, 9, -8, -2, -5, 7, 39914
9974, -2, 9974, -9974, 6, -9974, -6, -6, -1, -5, 6, 9974, -4, 3, 19965
6, 6, -9974, 10, -9, -9974, 9974, -3, 4, 9974, -7, 10, 2, -9974, 29929
-4978, 4986, 9974, -4993, -4977, -9974, -4987, -4995, -4970, -9974, 4987, -4995, -4986, 4987, 49864
-4988, 4987, 9974, -9974, -4989, 9974, 9974, 9974, -9973, 4987, -1, -4989, 4985, 9973, 24940
-4989, 4990, 4990, -9974, -4984, 4986, 4987, -9974, 4989, 9974, 4988, -4985, -9974, 4987, 34906
10, -12, -7979, 7979, 14, -13, -14, 12, 2, 6, 13, -7, -7979, 3, 15988
-1, -9974, 9974, -8, 9974, -8, -3, 9, -6, -4, -9974, -9, 9974, 2, 19977
-6, -9974, 9, -9974, -5, 3, 10, -7, 4, -10, -10, 8, 9974, 6, 19973
-7, -7, 9974, 7, -2, 8, 9974, 6, -4, 9974, -9974, 9974, -3, 9974, 9987
-4985, -4989, -4987, -9973, -4989, 4989, 9973, -4987, 4988, 9973, 9974, -9974, 1, 4988, 34910
-9974, 4985, -3325, 6649, -9974, 4985, -6648, -6648, -3326, -4989, -9974, -9974, -6649, 6649, 61507
8, -8, 5, -2, -6, 8, -7979, 3, -7, 7, 4, 6, -7979, 7979, 15971
-4984, 4987, 4983, 4990, -9974, 4988, 9974, -9974, -4989, -4986, 4987, -5, 4985, 9968, 24938
9974, 4986, -4988, 9974, 9974, 4987, -3, -4989, 9974, -4989, 4985, 9973, 9974, -9974, 14969
-9974, 3, -5, 2, -5, -9974, 2, -7, 9974, 9974, -9974, 6, 9974, 7, 29930
9974, 9974, 53, -9974, -35, -36, 44, -36, -8, 9974, 9974, 53, 17, -9974, 20002
9970, -4, 9972, -9973, -9972, 9974, 9974, -9974, 9973, 9973, -2, 1, 9974, 9973, 19951
-1598, -7979, 7979, 6384, -6381, 1597, -6382, -4788, 7979, -1595, 1596, -6383, -7979, -7979, 43085
9974, 6, -3, -9974, 2, 8, 9974, 9974, 9, -8, 4, 9974, -9974, -5, 19953
-9974, -9974, 7, -4, -6, -2, -9974, -9974, 4, -7, 9974, 9974, 5, 1, 39907
9974, -38, 32, 5, -3, -35, 35, -36, -9974, 33, -38, -4, 34, -36, 10125
-9974, 11, 8, 9, -9974, 9, 13, 12, 5, -6, 7, -13, -12, -10, 19971
9974, -3, 6, -9, -9974, 4, 7, 9974, 8, 9, -9, -5, -9974, 6, 19962
4987, -9974, 7482, -7482, 2492, 9974, -7482, -9974, -9974, 7481, 4988, -2493, -2494, 7482, 39899
-4, 9971, -9971, -9971, 9974, -3, -9968, -9974, 9969, -9974, 9967, -9974, 2, -9971, 59838
1, 6, 9974, -5, 6, 7, -9974, 2, 5, -9974, -4, 9974, 9974, 9974, 19949
-5, 13, -18, -16, 4, 22, 22, 5699, 16, 28, 10, 28, 5699, 27, 7
9974, 9974, 4, 1, -9974, -6, -5, 9974, -6, 4, 9974, 2, -6, -9974, 19964
9, -9974, -9974, -9, 2, 9974, -11, -10, -9974, -12, 10, 9974, -1, 11, 29952
8, 2, -8, -8, 8, -9974, 5, 3, -4, -9974, -8, -9974, 6, 7, 29939
-5323, -5323, -5318, -6648, -5323, 7979, 1330, 6649, 1331, 7979, 7979, -2656, -2661, 6649, 25273
-5, -3, -9, -9974, 4, 11, -11, 9974, 2, -8, 9974, 9974, -10, 10, 10007
7976, 2656, 2655, -2668, -5321, -5308, -7976, -5323, 5323, 5323, 2654, -7979, -5322, 7979, 31920
9968, 9970, -3, 9974, -9973, 2, -9974, -9972, 9971, 9973, -9971, 9974, 9970, 9973, 29919
1, -23, 5, 6, -5673, -3, 10, 5698, 5691, 5688, 5692, 5696, 5699, 5699, 0
9974, 6, 3, 14, 13, -9974, -9974, 14, 9974, -13, 9974, -2, 9974, -10, 19957
7979, -7979, 7, 2, 7979, 1, -6, -5, -4, 6, -7979, 5, 4, 7979, 15965
2, -4, -7, -7, 9974, 3, -9974, 5, 9974, 9974, 9974, 1, -6, -9974, 19964
-9, -8, 7, 9974, -1, 9974, -9974, -2, -5, 9974, 9, 9, 9, 5, 9989
-6652, 6652, -3326, 6652, 3325, -9974, -6649, 3327, -9974, -3322, 9974, -9974, 6652, 6648, 39897
-9973, -7480, -7480, 4987, -4985, -2496, -7477, -9974, -4988, -2497, 7477, -9974, 2493, 4986, 57350
-3987, -3988, 5319, -3, 5319, 7978, 3990, 7978, -7978, -5319, 7979, 3992, -3988, -7979, 25263
-5, -3, -7979, -4, -8, -8, 6, 10, -11, 13, -7979, 7979, -7, -7979, 23969
-9974, -3, 9974, -6, -9974, 5, -4, 8, 8, -9, 8, -8, -7, -6, 19979
4988, -9974, -9974, -4989, 9974, -9974, -4989, 9974, -4987, -9974, -4987, -4985, -1, -4988, 59848
7979, 3991, -3990, 7979, 7979, -4000, -3988, 3979, -7969, -4000, 7978, 10, -3991, 3990, 19959
9974, 9974, 6, -2, -9974, -9974, 6, 4, -7, -4, -7, -5, -1, -9974, 29940
-9973, 9973, 9974, 9974, -9973, 9973, 9971, 9973, 1, -9974, -9972, -2, 9972, -9973, 39893
-3988, 3987, -2659, 7979, -5319, 2660, -5319, -5317, -3990, 7979, 3988, -3991, 5318, -7979, 30584
-20, 10, 9974, -30, -31, -22, 1, -9974, 21, 9974, -9974, 9974, 9974, -31, 20050
9973, -9974, 5, 9973, -9969, -9967, 2, -9973, -9973, -9973, 9973, -9969, 9968, -6, 59830
-2, -2, -9974, -3, -9974, 2, 1, 9974, 3, -9974, -9974, -3, -3, -9974, 49879
-9967, 9972, 9969, 4, 9972, -5, 9974, 9969, 9969, 9968, 9964, -9969, -9972, -3, 19943
-9974, -7480, 9974, 7481, 7480, 7480, -2494, -4988, -2492, 2495, -7480, -9974, -4986, -7479, 47373
3990, 3988, 3987, -3992, 3991, -7979, 7979, -3993, 3989, -3993, 7979, 3986, 3993, 3992, 11978
10, -5, -9974, -9974, -9974, 3, 8, 4, 9974, -6, 9, -9974, 10, 9974, 39894
-4984, -9974, -4986, 9974, -1, -9974, 4990, -9974, 4988, -4988, 4986, -9973, 4990, 9973, 44880
-4991, -9974, -4989, -2495, 9974, 9974, -2498, -2, -2494, -4992, -2496, -9974, -4991, -2497, 47400
-5, 7, -9974, -4, 2, 9974, 3, 7, 6, 6, -5, 7, -9974, -4, 19957
9974, 4986, 4983, 4986, -9974, 4988, -1, 9970, 4988, -4986, 9974, -9970, 9974, -9974, 24934
-6649, 6651, -6651, -13299, -13299, -6648, 13299, 6650, 13299, -6649, 13299, -13299, -13299, 13299, 66494
-3, 6, -11, 4, 8, -10, 9, -5, -7979, 14, 14, 11, 7979, 7979, 7993
14, -9, 20, 21, 15, -9974, 1, -20, 21, 9974, -14, -13, -7, -21, 10036
4, -7979, -4, 10, 10, 9, 7, 10, 2, -8, -10, 10, -1, -10, 8001
11, -6, 11, 13, 9974, -13, -9974, -9974, -4, -12, -9974, 9974, 5, -10, 29950
7979, -8, 5, 11, 7979, 6, 7979, 9, -3, 7, -12, 2, -9, -12, 30
-6, -10, 9974, -5, 8, -9974, -1, -7, -8, -4, 3, 10, 9974, 9974, 10004
1, -7, 9974, 3, 6, 2, -7, -9974, -9974, -9974, 9974, 5, -9974, -6, 39908
-4989, 4987, -4987, 9974, 9974, 9974, -4989, 4986, 4985, 9974, -4988, -9974, 4989, -9974, 29927
2, 632, 1263, -2533, 634, -2533, -633, 5699, 5698, 5699, 5698, 4434, 5067, 5065, 0
-4987, -4984, -9974, -4985, 4987, -4988, 9974, 9974, 4988, -9971, 9974, 4986, -9974, -4986, 44877
9974, -4990, -4986, 4989, 9974, 4988, -4990, 9974, 9974, -4985, -4989, -9974, 4987, 4984, 24940
-4988, 4987, -9974, 9974, -4988, -9974, 4986, 4985, 9974, -4989, -9974, -4989, -9974, 4987, 49876
-7, -1, -8, -10, 10, 10, 7979, -9, 9, 4, -10, 4, -8, -2, 44
9974, 1, 11, 5, -11, 2, 10, -9974, 9, -12, -9974, 12, 11, -9974, 29932
-4986, -4989, -4984, 4988, -4990, -4990, -4986, -4990, -9974, 4985, -9974, 4985, -4990, 9974, 49879
-9974, 3, 4988, 9974, -9974, -4987, -9974, 4984, 9974, 9974, -4988, -9974, -4985, 4982, 44886
2, -1, -3, -5, 9974, -6, -9974, 4, -6, 5, -4, -5, 9974, 9974, 9997
7979, -7979, 7979, -4, -6, -16, 15, 16, -12, -2, 7979, -14, 3, -7979, 15994
2, 5, -6, 9974, -9974, 9974, 3, 7, 8, -4, -9974, -9, -8, -9, 19974
6, -9974, -1, 9974, 4, -4, -9974, 6, 2, -6, 4, -9974, -5, -3, 29934
-10, 2, 10, -9974, 3, -9974, -9974, -10, 5, 9974, 7, -1, -9974, -6, 39912
4986, 4988, -4986, 9974, 9974, 4989, 4987, 9974, -9974, -4985, -9974, -4987, -4989, 9974, 29921
9974, 9974, 9973, -9974, 9974, 9974, -6649, -6647, -3, -3326, -6648, 3325, 3324, 9974, 23273
-4, 9974, -9974, -6, 4, -7, -9974, 7, -9974, -1, -7, 6, 2, -4, 29943
-4, -1, 7, 7, -7, 9974, 9974, -6, -5, -7, 9974, 2, 7, -4, 26
-2, 9974, -9974, 5, 9974, -9974, 5, 4, -7, 6, -4, 6, -6, 1, 19959
5984, 3990, -1997, 7979, 3988, 5985, 5984, -3989, 5985, 7979, -7979, -5985, 1995, -1994, 13965
13, -14, -9, 9974, 13, -5, -6, 3, -2, 9974, 9974, 12, -8, -10, 39
8, 6, 7, 9974, -5, 3, 2, 9974, -9974, -7, 9974, -7, -3, -9, 9995
-3987, -3989, 3992, 3989, 3988, 7979, 3990, -7979, 3992, 3991, -3992, -7979, -3992, 3992, 23939
-3988, 5321, 2661, -7979, -2658, -7979, 2660, -1330, 3991, -7979, 7979, 7979, 7978, -5319, 29253
-7978, -7978, 5318, 7979, -2660, 5319, 7975, 7978, 7975, 2654, -2662, 5318, 3, 2661, 13299
-7, 7, -4, -6, -8, -5, 6, 3, 2, 9974, 9974, -9974, 7, -9974, 19968
-6, -8, -8, -2, 7979, -7979, 3, -6, -4, 7, -5, -8, 8, -7979, 15995
-3, -5, 6, -4, -5, -9974, -9974, -1, -6, -2, -6, -6, 5, -9974, 29953
-9, 3, 7, -7, -6, 4, -9, -2, -7979, 9, 9, -9, -6, -10, 8025
-3988, -3991, 7979, -3990, 3986, 7979, 3989, -4, -2, 3990, -3987, 3, -3990, 7979, 15960
9974, -5, 9974, 5, 11, -13, 9, 8, 9974, 9974, -4, 3, -9974, 10, 9982
-4985, -4987, -4983, 9974, -9974, 4988, -4986, 9974, 4989, -4984, -4985, -4989, 9974, -9974, 44876
-9, -8, 9974, -6, -5, -3, -9974, -4, -9, 9974, -8, -6, 8, 7, 10020
6650, 13299, -6652, -13299, -13299, -6647, 6653, 13299, -6652, -13299, -13299, -13299, -6646, -13299, 93092
-7, 7, -4, -9974, 6, 7, -6, 9974, -2, 6, 1, -7, -6, -4, 10002
3987, 7975, 7975, -3989, 3989, -3991, 3990, 3988, -3, 7979, -3990, 7979, 7979, 7974, 3995
-3, -4, 16, 10, 9, -7979, 14, -6, -2, -7979, -7979, -16, 14, -11, 23962
-9, -6, -8, 9, -6, 1, 9, 8, 9, 7979, 8, -8, 2, 4, 27
9974, -9974, -9974, 9, -10, 4, 14, 9974, -9974, 15, -9974, 9974, 11, 23, 39881
-7, -7979, -3, 7979, 7979, -7, 6, -4, 6, 7979, 9, 9, 5, 8, 7988
-1, 7979, 7979, 3989, 7976, 7979, 7978, -3992, -7976, -3989, -3992, 3990, 3, 3987, 11971
-9, -1, -3, -11, 10, 2, -9, -6, 10, 11, -9974, -9974, -6, -10, 19991
9969, 9968, 9965, -4984, -9974, -9974, 9974, 3, 9967, -2, -9969, -9974, -9974, -9968, 54847
-1, -15, -11, -4, -15, -7979, -7979, -7979, 9, -7, -7979, -7979, 15, 3, 39932
-2, -9973, 9969, 9974, 9974, -9973, 4, 9968, -9971, -9972, 9973, -9971, -9974, 3, 49862
7976, -7977, 7979, -7977, 3, -7978, -7977, 2, -1, 3, -7977, -7978, -7977, 7978, 47863
7480, 2495, -9974, -9973, -2492, 9974, -9974, 4988, -2494, -7480, -4986, 9974, 9974, -7479, 44878
-3977, 3995, 3983, 3979, 3985, 7979, 7979, -3985, 7979, 3985, 7979, -3980, 3984, 3981, 3978
-1, -9, 8, 11, 4, 7979, 11, 6, 7979, 11, 9, 7, 11, -2, 0
-9974, -9973, -9974, 9973, 4985, 4989, 9974, 4983, -9974, -4986, 4990, -4984, 9974, 4990, 39891
8, -9974, -9, -2, -9974, 5, -3, 9974, -9, -9974, -9974, 8, -9, -10, 39927
-8, 9974, -5, -9974, -6, 9974, -3, -7, 2, 9974, -4, -8, 9974, 9974, 10005
-10, -2, 10, 11, 10, -11, 4, 3, -11, -9, 9, 11, 9974, -9974, 10004
40, 43, 14271, 39, 44, 41, 42, 6, 7, 8, -27, 3, -19, 2, 0
7, -5693, -6, 4, 3, 7, 5, 5699, 5696, 5699, 5699, 5694, 5692, 5695, 0
5, -9, -7979, -7979, -7979, -9, -1, -9, -5, -8, -9, 2, 9, -2, 23979
7, 7979, -9, 10, 10, -7979, 8, 7979, -12, -4, 7979, 3, -2, -12, 8005
7979, -9, 8, -7979, -10, -7979, 7979, 6, -7, 11, -4, -3, 7979, 5, 15976
10, 4, 9974, 2, 9974, -3, 8, 5, -9974, -9, 7, -6, 9974, 9974, 9981
-9974, -4978, -4994, -9974, 4990, 13, 4974, -4975, 9974, -4994, -4989, 4994, 4977, 9974, 34913
9974, -3, 9974, 2, -9, 9974, 4, 8, -4, -9974, 8, 5, -6, 9, 9985
4987, 9973, -2494, -9974, 9974, -2495, 7480, 4987, 7479, -7479, -9973, -4986, 4987, 9974, 27427
-8, 9, 6, 10, 7, 9974, -9974, 10, 9974, -13, 13, -1, -7, -4, 9993
-4989, 4986, -2494, -7480, 9974, 9974, -9974, 4987, -9974, -4985, -4985, -9974, 9974, 4988, 44881
10, 9, -9974, 8, -9974, 5, 7, 9974, -2, 7, -9974, -9, 4, -3, 29924
-9973, 9974, -9974, -2, -6649, -3324, -9974, -9972, 3325, -6648, 6647, 6650, -3327, 6650, 49869
-6, -7974, -2, 4, 7976, -7975, -3, 7979, 7976, 7979, -7976, 7973, 7974, -7979, 23936
-6650, 3324, -9974, -3323, 3327, -9974, -9974, -3325, 3327, 9974, 9974, 9974, 6650, 6649, 33246
2, -4, 5, 4, 8, -7, -7, -8, 7979, -7979, 7979, 7979, -1, 6, 7997
-1, 9974, -3, -9974, 9974, -4, 4, 4, -9974, -9974, 2, -2, -9974, 4, 39901
-12, 8, 7979, 3, -7979, -13, 9, -7979, -2, -4, -12, 8, 11, 7979, 15985
-1774, 7091, -3546, -5318, 7978, -3547, -7978, 7978, 7979, -7979, 2660, 887, -4433, 4432, 26596
5, 13, 7979, -4, 13, -2, 7979, -11, -3, -7979, 7979, -11, 12, -10, 8005
-9974, -9, -10, -8, -10, 6, 8, -1, -9974, -9974, 10, 5, 2, -8, 29957
9974, -8, 9974, -7, -8, 9, 2, -8, 9974, -9974, 3, -1, 9974, -7, 10003
9974, -4989, 4985, 9974, -9974, -9974, -4988, -4986, -9974, -9974, 9973, 2, 4987, 4989, 44885
6649, -6648, -9974, 3325, -6648, 6647, 3327, -3326, -9974, 9974, 3324, 9973, 9973, -9974, 36570
-5, 17, 13, -5, -4, 16, 3, 7979, -7979, -17, -12, -17, -19, 7979, 8038
-9974, 9, 8, -8, 9974, 6, 9, 9974, 2, -9, -9974, -3, 9974, -1, 19959
-3323, 3326, -9974, 3324, -6648, 6650, -3325, 6650, -6648, -9974, 6649, -6651, -6651, -9974, 53194
-9974, -9974, -5, -1, -9974, -9974, 3, -6, 9974, 5, 9974, 3, -6, 2, 39907
-2, 34, 39, 25, 9974, -33, -32, -30, 31, -63, -38, -63, -42, 9974, 239
-7979, 4, 6, 3, -8, 7979, -12, -6, 7979, -6, 9, 12, 5, 12, 7998
-9974, 9974, -4987, 4988, -2, -9973, -9974, 9974, 4988, 9974, 4989, 9974, -4985, -4986, 34907
4255, 4256, -3723, -7979, 7979, -7979, -6384, -2129, 5851, -6383, -1595, -4257, 2127, -7979, 40429
1, 7, 2, 8, 5, -9974, -5, 9974, -3, -9974, 7, 9974, 9974, -9974, 29921
-7979, 7979, 3996, 5981, -7977, -7977, -1996, 3983, 5983, -2, -5983, -5982, 7979, -1997, 31914
-12, 5, -19, -6, 9974, 18, -19, -12, -19, 9974, -9974, 19, 9974, 9974, 10037
-24, 13, -25, -9974, -9974, -9974, -23, 9974, 26, 24, 10, -12, -35, -35, 30040
9973, -9973, 3, 1, -9972, -2, 9974, -9974, 9974, -9971, -9972, 9973, -9972, 9973, 49862
