3, -3, -2, -1, -3, -3, -3, -3, -3, -3, -3, -3, -3, -3, -2, -1, 36
-17, -17, 17, -3, -1, -14, 17, -17, -14, -3, -8, -8, -17, -1, 0, -17, 120
-1, 1, 0, -1, -1, -1, -1, 0, 1, -1, -1, 0, -1, -1, 0, -1, 9
-6, 6, -5, 0, 0, 2, 6, 0, 2, -4, 6, -1, -6, 0, -5, -6, 27
-7, -7, 3069, -7, 0, -3, -7, -7, 2, 3062, 3067, -3, -7, -1, -3069, -7, 56
8, -8, -8, -7, -8, -74, -2, -4, 75, 1, 67, 73, -8, -8, -8, -4, 64
4, -4, 4, -4, 0, -2, 4, -4, -1, -3, -3, -2, 4, 0, -4, -4, 27
-60, -59, 59, -1, 8, -30, -52, -56, -60, 2, -44, -14, 60, -30, -4, -60, 410
7979, -7971, 7979, -7979, 7977, -7977, -4, -2, 7979, 7979, -1, -7979, 7979, -7975, -7978, -8, 39895
1, 1, 8, 0, 1, -8, 0, 0, -8, -1, 7, -8, 1, -1, -8, -1, 27
28, -28, 26, -28, 14, -4, -22, -14, 2, -1, 28, -18, 28, -6, -27, -28, 148
-762, -762, 3069, 758, 0, 4, 3, -2, -4, 3069, 2307, -762, 4, -2, -3066, -4, 2295
1, -3, 192, -9, 0, 50, -12, -12, 50, 150, 192, -50, 3, -9, -189, -1, 84
-3, -3, -3, 45, 0, 30, 0, 1, -15, -44, -15, 42, 0, -1, -3, 0, 42
-4, -4, -4, -34, -4, -68, -1, -2, 102, 34, 98, 101, 4, -4, -4, -2, 29
-47, 43, -43, -47, 4, -11, -47, -2, 12, -12, -35, -1, -47, 4, -45, -47, 337
3, -3, -3, -1, -3, -3, 0, -3, 1, 2, -3, -3, -3, 3, -3, 0, 25
-13, 13, -13, 0, 0, 4, -13, -1, 3, -6, 13, 3, 13, -1, -13, -13, 60
-1, -58, -43, -3, 58, -3, 0, 58, 6, 14, 14, -52, -1, 0, -15, -58, 176
2, 2, 1, 0, -2, 0, -2, 0, -2, 2, -1, 0, 2, -2, -2, -2, 11
1, 5, 0, 0, 5, 0, -4, 5, 0, 0, -1, 5, -1, 0, -1, -4, 6
6, -1, -6, 29, 1, -24, 0, -1, 24, 30, -6, 24, -1, 1, -6, 0, 15
-12, -12, 12, -11, 2, 12, -6, -4, -12, 8, 0, -1, -12, 6, -12, -12, 82
7979, -7977, 7977, -7979, -2, -7979, -7977, -7979, -7979, 5, -7973, -1, -7979, 2, -7979, -7979, 71804
3069, 3057, 12, 3067, 2, -12, -2, -1, 12, -12, -3069, -12, 2, 2, -11, -2, 52
-2, -1, -2, -19, 2, -38, -2, -2, 57, 19, 55, 56, -2, -2, -2, -1, 16
20, 0, -20, 20, -1, -10, 0, -1, -5, 15, -20, -10, 1, 1, -19, 0, 66
16, 13, -14, 0, 3, -3, -16, 0, -2, 3, -16, -1, 16, 3, -16, -16, 68
5, -2, 2, -58, 29, 58, -29, 56, -5, 58, -1, 0, 5, 53, -5, -3, 45
7979, 7977, 7978, -2, -7979, -7979, 0, -2, 7979, 7979, -1, -7979, 7979, 7979, -7979, -7979, 31921
2, -1, -3626, -11, 2, -3616, -2, -10, 3627, -3627, 3625, -11, 2, 11, -3627, -1, 10905
-8, -4, 4, -14, -8, -6, 0, 7, 7, -14, -8, 14, 8, 1, -8, -4, 60
-1, 10, 9, -1, -1, -1, -1, 9, 1, -1, -1, 0, 1, 1, -1, -9, 7
2, -2, 2, -17, 0, 17, 0, -2, -2, 17, -1, 17, 2, 2, -1, -2, 8
6, -1, -6, -3, -6, -53, -6, -1, 56, 3, 50, 55, 6, 6, -6, -5, 31
0, -1, -1, -1, 1, -1, 0, 0, 1, -1, -1, 0, -1, -1, 1, -1, 8
0, -1, -1, -1, -1, 0, -1, -1, 1, 1, 0, -1, -1, -1, 1, -1, 9
-2, 3, -2, 5, -5, -5, -5, 0, 5, 5, -1, 0, -5, -5, 5, -5, 30
-2, 4, 1, -3, 34, -34, 30, -3, 3, 3, -4, -34, -4, -34, 2, -4, 88
4, 11, -3616, -3, 0, 3627, -11, -1, 3627, -1, 3627, -3627, -11, -1, 3623, -11, 3655
-4, -4, 3069, -4, 0, -2, 4, -4, 1, 3065, 3068, -2, 4, 0, -3069, -4, 24
-211, -208, 426, 3626, 0, 3626, -1, 3625, -1279, 3200, 1068, -2347, -1, -3626, 426, -3, 4050
11, 10, -1, 10, -1, -1, -1, 0, 1, -1, -11, 0, -1, -1, 1, -1, 8
-1, -1, -9, 9, 1, -3060, -1, -1, 3069, 0, 3068, 3068, -1, -1, 9, -1, 7
-5, 5, 25, -1, -1, -30, -5, 0, -30, -1, 29, -30, 5, -1, -30, -5, 109
0, 1, -1, -1, -1, -1, -1, 0, -1, -1, 0, -1, 1, -1, 1, 0, 8
1, -6, -3, -6, 6, -6, 0, -3, -6, -6, -1, -6, 6, -6, 5, 0, 43
2, -7979, -2, -7978, -7979, -7979, -7979, -7979, 7979, -7979, -7979, -1, 7979, -7979, 7977, 0, 63834
3067, 3059, -9, 3069, -2, -9, -2, -1, 9, -9, -3069, -10, 2, -2, 10, 0, 44
0, 1, -1, -1, 1, -1, 0, -1, 1, -1, -1, 0, 1, -1, 1, 0, 6
29, -1, -26, 30, 2, -22, -8, -6, 30, -30, -29, -28, 4, -8, 30, 0, 128
114, -4, 117, 114, 1, -54, -10, -10, -28, 82, -114, -54, 8, -2, 118, 0, 158
0, 1, -1, -1, -1, 0, -1, 0, 1, 1, 0, -1, 1, -1, 1, 0, 5
-3986, -3982, 3986, 2791, 1, 1993, -396, 395, 3591, 1993, 0, 798, 2, 396, -3986, -4, 8368
-24, -18, 113, 24, -1, -113, 6, -3, 113, -110, 89, -23, 6, -1, 113, -6, 186
1, 3, -12, -1, 0, 15, 3, 0, 15, 0, 15, -15, 3, 0, 14, -3, 16
-7, -7, -7, 42, -2, 40, 1, 0, 7, -35, 0, 35, 1, -2, 7, 0, 18
8, -4, 4, -14, -8, -6, 0, 7, 7, -14, -8, 14, -8, 1, -8, -4, 60
2, -2, -78, 11, -2, -1, -11, -11, -10, 66, 77, -12, -2, -11, 78, -2, 64
-3065, 3065, -5, 3064, 0, -5, 1, 0, -5, 0, 3069, -5, -1, 0, 4, -1, 18
-4433, -4432, -4433, 4431, 4, -4433, -4, -1, -4429, -2, -4409, -23, -4, 4, 4433, -4, 22174
-1, 20, 0, -3, -20, 0, -20, 17, -3, -3, -1, -20, -3, 3, 2, -20, 74
-8, -6, -8, 38, -2, 37, -38, 38, -1, -30, 0, -2, 0, 38, 8, -2, 59
43, 41, -2, 39, 4, -3, -4, -4, 4, -4, -43, -1, -4, 4, 4, -4, 26
-1, 40, 38, -2, -10, -2, -30, 0, 2, 2, -40, -10, -40, 10, 39, -40, 135
0, -1, -3069, -1, 1, -7, 0, 0, -7, 3062, 3068, -7, -1, -1, 3069, -1, 26
4, -4, -3, -1, 4, -3, -4, -2, -4, -4, -4, -4, -4, 4, -3, -2, 38
-45, -44, -3066, 44, 1, -15, -3, -3, 15, 3069, 3024, -15, -3, 1, 3069, -3, 128
32, -1, -32, 383, -4, 255, -1, -8, -128, -371, -127, 351, -1, 12, 32, -4, 294
-1, -3, -3, -29, -3, -30, -1, -3, 30, -30, -3, 27, -3, 3, 3, -3, 82
0, -2, -15, -16, -2, -2, 0, -2, -16, 16, -1, 14, -2, 2, 15, -2, 44
0, 19, 19, 0, 2, -3, 21, 0, -1, -9, -9, -3, 19, -2, 19, -19, 25
8, 0, 8, 7, 0, 7, -2, 2, 6, 1, -8, 0, 0, 2, 8, 0, 2
7, -7, 7, -7, -2, 64, 66, -66, 7, 1, -3, -3, 7, 59, -7, -7, 36
-1, 3, 0, -3, 3, -3, 0, -3, -3, -3, -1, -3, -3, -3, 2, -3, 26
0, 1, -1, -6, -24, 0, 23, -24, 6, -6, -1, -18, 1, 24, 1, 0, 56
-7, -6, 6, -52, 2, 45, -7, -50, -1, -52, -6, -52, 7, 46, -2, -7, 190
0, 1, -1, -1, 1, -1, -1, -1, 1, 1, 0, -1, 1, 1, 1, 0, 5
15, -66, 81, 15, 0, -6, 74, -74, -7, -32, -32, -4, -75, -1, 81, 0, 216
1, -2, -22, -2, 2, -2, -2, 0, 2, 22, 20, -2, -2, 2, 21, -2, 14
-3, -19, -16, -3, -73, -1, 54, 73, -1, 0, 3, 73, -3, 1, -3, -19, 68
-12, -11, -180, 11, 1, -46, -3, -3, -45, 137, 171, -46, 3, 1, 183, 0, 163
21, -1, -16, 22, -2, -22, -4, -6, 22, -22, -21, -20, 6, 2, 22, 0, 92
-62, -61, -62, 61, -2, -54, -8, -8, -60, -1, -30, -30, -2, -8, 62, -2, 328
1, -1, -59, 2, 2, -15, -2, 0, -14, 44, 57, -15, -2, 2, 59, -2, 51
-3, -3, -3, -27, 3, -54, -1, -3, 81, 27, 78, 80, 3, 3, -3, -1, 17
-9974, -9973, -9973, -9974, -9974, -2, -9974, -9974, 2, 9972, -9974, -9974, -9974, -9974, -9973, -1, 109714
-57, 26, 7, -57, -57, -1, -57, 24, 2, 6, -51, -57, 57, -7, -2, 31, 289
-6, -6, 6, -1, 3324, -3324, 3318, 0, 3, 5, -1, -3324, -6, -3324, -6, 3, 6674
3066, 3053, -16, 3069, -3, -16, -1, -2, 14, -14, -3069, -16, -3, 3, 16, -3, 74
-6, -1, -6, -3, -6, -53, -6, -1, 56, 3, 50, 55, -6, 6, -6, -5, 43
4, -4, 3069, -4, 0, -2, 4, -4, 1, 3065, 3068, -2, -4, 0, -3069, -4, 24
1, 1, -1, 0, 0, 0, 1, 0, 0, 0, -1, 0, -1, 0, -1, -1, 4
12, -3989, 3987, 12, -2, -4, -3988, -3989, -4, -3977, 0, 1, 3989, -4, 3989, 0, 11968
0, 2, -2, -2, -2, -2, -1, -1, -2, 2, 0, 0, 2, 2, 2, 0, 10
110, 0, 386, -2959, -18, 1911, -18, -55, -1140, 3069, -772, 3069, -18, 110, -386, 55, 2297
-6, -6, 6, -3063, -1, 3068, -1014, -1011, 0, 3069, 0, 2055, -1, -1014, -6, 3, 3053
-19949, -19949, -1, -19949, -19949, -19949, -19949, -19949, -19949, -19949, -19949, -19949, 19949, -19949, -19949, -19948, 259337
-1, 25, 12, -2, 2, -25, -25, -2, -25, 2, 11, -25, -25, 2, 13, -25, 130
12, -11, 11, -8, 1, -2, -11, -11, 4, -12, -12, -4, -12, -2, -12, -12, 97
-27, 28, -9, 27, 1, -1, 0, -1, -1, 9, 36, -1, -1, -1, 10, -1, 6
2, -614, 613, -2, -9, -2, -3060, -614, 1, 1, -614, -9, 3069, 9, 3067, 2455, 1855
3068, 3059, -9, 3069, 2, -10, -2, -1, 8, -8, -3069, -10, 2, 2, 10, 0, 40
5, -4, 4, -37, 1, 32, -33, -37, -5, 35, -2, 0, -5, -37, -5, -5, 133
3, 3, 0, -3, -1, 0, -3069, -2, 0, 0, 3, -1, 3069, 0, 3066, 3069, 7
-4, 1, 27, -29, -4, -4, 0, -3, -29, 29, -2, 25, 4, 4, -27, -3, 76
-23, -22, -20, 127, 1, -17, -6, -5, -127, -105, -126, 104, 3, -6, 23, 0, 330
-16, -15, -241, 15, -1, -58, -4, -4, -61, 181, 227, -62, 2, -4, 243, 0, 223
4, 72, 52, 0, -16, 0, -20, 71, -1, -1, -4, -16, 4, 1, -4, -72, 62
1, 32, 28, 0, 1, -8, -32, 0, -8, -24, 4, -8, -32, 1, 27, -32, 112
1, -1, -1, -4, -9, 3, 8, -12, -1, -4, -1, -9, 1, 12, 0, 0, 30
36, -1, 36, 29, -2, 36, 0, 12, -36, -24, -36, -5, 2, -12, -36, -1, 117
0, 0, 1, 0, 0, 1, 0, 0, -1, -1, 1, 0, 0, 0, 1, 0, 1
-2, -1, -1, 1, -1, -1, -3067, -1, 1, 1, -1, -1, 3068, 1, 3069, 3067, 7
49, 23, 5, -5, -49, -1, -49, 21, 2, 4, -45, -49, -49, -5, -49, 26, 252
-1, 0, 5, -15, -1, 0, -69, -1, -14, 15, -10, 15, 69, 1, 64, 69, 32
0, 1, -7, -3324, 1, -1, 0, -1, -3324, 3324, -3317, 3323, 1, -1, 7, 0, 6651
1, 0, -3068, 1, 0, 1, 0, 1, -1, 3069, 3068, 0, 0, -1, 3068, 0, 1
-46, -45, -40, 45, -4, -46, -2, -6, -42, -1, -22, -22, 6, 4, 46, 0, 230
-2, -7, -7, -36, -8, 38, 0, 38, -2, -38, 0, -30, -1, -38, -2, -8, 141
7979, -7976, -7979, -1, 7979, -7973, -6, -7979, 1, 7978, -7979, -7979, -7979, -7979, -7979, 3, 63830
0, 1, -1, 0, -1, 0, 0, 1, 0, 0, 0, 1, 0, 0, 0, 1, 1
3068, 3049, -20, 3069, 4, -18, -2, -1, 16, -16, -3069, -20, -4, -4, 20, -4, 89
-1, 1, 0, 0, -1, 0, -1, 1, 0, 0, 1, -1, -1, 0, -1, 0, 5
-12, 11, -6, -12, 1, 0, -3069, -6, -1, -1, -12, -1, 3069, 1, 3057, 3068, 51
1, -1, 1, -1, -5, 0, 4, -5, -1, -1, 0, -5, -1, 5, -1, 0, 16
-10, -10, 10, 9, 0, 10, 0, -2, -10, -6, 0, -1, 0, 4, 10, 2, 29
1, -1, 1, -8, 1, 7, 0, 0, 0, 8, 0, 8, 1, 1, 0, 1, 1
1, 1, -3627, -1, 0, 3626, -1, 0, -3626, -3627, 3627, 0, -1, 0, -3627, -1, 10884
-92, -87, 87, 79, 13, -92, -3, 7, -92, -1, -46, -46, 13, -3, -92, -5, 467
-2, -17, 17, -5, 0, 94, 94, 77, 6, 0, -11, -1, -17, -94, 15, -2, 55
0, 1, -1, 0, 3069, 0, 3068, 3069, 0, 0, 0, -3069, 0, 0, 0, 1, 1
1, 1, 0, -1, 1, -3068, -1, 0, 3068, 0, 3069, 3069, 1, 0, 0, 1, 1
-2, -2, -2, -2, -2, -2, 0, -2, 1, 1, -2, -2, 2, 2, -1, 0, 17
1, 1, 0, 0, -1, -1, -1, 0, 1, -1, -1, 0, 1, -1, -1, -1, 7
-11, -181, 144, -10, 48, -1, -48, 189, 1, 5, -5, 48, 11, -3, 0, 192, 67
0, 1, -1, -1, 1, 0, -1, -1, -1, -1, 0, -1, 1, 1, 1, 0, 6
-38, 32, 6, -38, 6, -6, -38, -38, 2, 4, -34, -6, 38, 6, -1, 37, 161
11, 11, -8, -11, -1, -3, 11, 0, -3, -8, 11, -2, 11, -1, -8, -11, 45
6, -6, -6, -2, 6, -6, -6, -6, -3, 6, -6, -3, 6, 6, -2, 2, 40
-2, 4, -1, -30, -4, 0, -4, 0, -30, 30, -29, 26, -4, -4, 2, -4, 82
-33, 33, 0, 27, 2, 0, -5, -4, 0, 0, 33, 2, -6, 1, -6, 6, 21
-5, -5, 5, 3323, 1, -3319, 0, 0, 3319, 3324, 0, 3319, -1, 1, -5, 1, 11
-4, -1, -4, -4, 33, -33, 29, -4, 2, 2, -4, -33, 4, -33, 0, 3, 87
-1, 1, -3069, 2, 2, -2, 0, -2, 2, 3069, 3068, 0, 2, -2, 3069, 0, 6
-3, -12, 120, -33, 3, -87, -1, -21, -120, -1, 119, -120, -3, 33, -120, 9, 401
22, 19, 3, -3, 3, -3, -22, -22, 1, 2, -20, -3, -22, 3, -22, 21, 95
-2, -2, -2, -2, 2, -2, -2, -2, 1, 1, -2, -2, -2, 2, -2, 0, 20
-8, -8, 8, -2, -8, -8, 0, -1, 2, 6, -2, -8, -8, 8, -8, 7, 53
-1, -1, -1, 6, 0, 6, 0, -6, -1, 5, 0, -5, 0, 6, -1, 0, 10
-1, -1, -1, 1, 0, -1, 0, 0, 1, -1, 0, -1, 0, 0, -1, 0, 6
2, -7, 6, -2, 127, -127, 93, -7, 1, 1, -7, -127, 34, -127, 32, 27, 277
-2, -1, -32, 1, -7, -4, 6, -7, -3, 28, 30, -10, -1, 7, 32, -1, 30
1, -8, -32, 128, 8, 125, -128, -120, -3, -96, 32, -2, -1, -128, 32, -8, 398
1, -1, 1, -6, -18, -12, 17, 0, 0, 6, 0, 18, 1, -18, 0, 1, 37
-2, 2, -1, 0, 0, 0, 2, -1, 0, 0, 2, 0, 2, 0, -2, 2, 4
2, 2, -1, 0, 0, 0, 2, -1, 0, 0, -2, 0, 2, 0, -2, 2, 4
4, 12, 56, -4, -1, -60, -12, 0, -60, -1, 59, -60, -12, -1, -48, -12, 211
-1, -1, -1, -1, 1, -1, 0, -1, -1, -1, -1, -1, -1, -1, -1, 0, 12
8, -4, 4, -8, -8, 3061, -2, 6, -3068, 0, 3069, 3069, 8, 1, -8, -4, 33
-8, -7, 7, -65, 2, -59, -7, -6, 59, -65, -8, 57, 8, -1, -2, -8, 171
1, -6, 3627, -1, -1, -3627, -18, -6, -3627, -1, 3626, -3627, 18, -1, -3609, 12, 10897
-1, -1, 1, -7, -20, 6, 19, -26, -1, -7, 0, -20, 1, 26, 0, 0, 57
12, -12, -12, -2, -12, 0, -12, -4, -3, 12, -12, -9, 12, -12, -2, 8, 80
-1, 1, -1, -1, 0, 0, 1, 0, 0, 0, -1, 0, 1, 0, -1, -1, 5
2, 2, -1, -2, 0, 0, 2, -1, 0, 0, 2, 0, -2, 0, 0, 2, 4
4, -19, 19, -121, 4, 117, -22, -3, 2, 121, 0, 99, -4, -22, -4, 17, 74
1, -1, 1, -1, 1, 0, -1, 0, -1, -1, 0, -1, 1, 1, 0, 1, 5
-1, -1, -1, -1, -10, 0, 9, -10, -1, -1, -1, -10, -1, 10, -1, 0, 29
3626, 0, -3626, 3627, 0, 3627, -2, 2, 3625, -1, -3626, 0, 0, 2, -3626, 0, 7254
7, -3069, 3069, -7, 7, -2, 0, 3068, -3, -5, -4, -7, -7, -1, -7, 3062, 43
-1, -32, 24, 0, -8, -1, -8, 31, -1, -1, 0, -8, -1, -1, -1, 32, 31
-2, 2, -1, -2, 0, 0, 11, -1, 0, 0, -2, 0, -11, 0, 9, 11, 8
5, -4, 4, -41, -1, 36, -4, -41, 2, -39, -5, -39, -5, 37, -5, -5, 148
-2, -4, -1, -3322, 4, -3324, -4, -3, 3324, -3324, -4, 3320, 4, 4, 4, 0, 6664
4, -1, -4, -76, 1, 79, -20, -20, 0, 80, -4, 60, 1, -20, -4, 0, 69
1, -1, 0, 6, 23, 0, 22, -23, -6, -6, -5, 28, 1, 23, 1, 0, 13
