1, -33299, -33297, 33296, -33299, 33299, -33298, -2, 33299, -33299, 33299, 33299, 133195
16648, -33299, 16651, 33299, 16651, -33299, -16647, -33299, 16651, -33299, -16646, 16647, 133195
-6, 9, 3, 9, -5, 4, 2, 16649, 8, 9, 7, 9, 0
-2, -2, -3, -3, -1, -3, -19979, 19979, 3, 3, -19979, 3, 39968
-4, 19979, 19978, 19979, -2, -2, -19979, -19979, 19978, 1, -19975, -19975, 59937
-6661, -19979, -19979, -19979, 13322, -1, -19979, -6659, -13319, -6657, 13320, -13318, 106552
-1, 7, -5, 24974, -7, 3, -24974, -24974, -5, 3, 24974, 24974, 49958
24974, -12487, -24974, -12487, -12486, -12486, 24974, 24974, -12488, -12487, 12489, -12485, 87406
1, 24974, -6, -24974, -24974, 5, 6, -6, -24974, 24974, -2, -2, 74931
24974, -24974, -24972, 24974, 24974, -2, -24973, -24973, 24974, -1, -4, -24970, 99895
2, -4, -1, 24974, 6, 24974, 24974, 24974, -24974, 3, -5, -5, 24982
-1, -33299, -33299, 2, 33298, 33299, -33299, 33299, 33297, -33297, -33298, 33298, 133194
-24974, 12487, 12489, -24974, 12486, -12488, -12489, 24974, 12487, 12485, 24974, 24974, 49951
3, -2, 1, 24974, -24974, -3, -3, -24974, -24974, -2, 3, 24974, 74928
33299, 16650, -33299, -16649, -33299, -33299, 16649, -33299, 33298, 16650, -33299, -33299, 183144
-15539, -8879, -19979, 4440, 17759, 2220, -11100, -19979, -6661, -2218, 19979, 19979, 64376
-1, 33299, -33299, -33299, 33299, 2, -33298, 33299, -33299, -33299, -33297, 33297, 166493
24974, 12488, 24972, -12486, -24974, -2, -24974, -24974, -24974, 1, 12487, -24974, 112384
8, -6, 16649, -7, 8, 7, 16649, 3, 2, 4, -16649, -16649, 33301
5, -24974, 24974, 24974, 5, -24974, 4, -2, -5, 24974, -1, -2, 49952
-9989, 9990, 19979, -19979, 9989, -9991, -9988, -9990, -19979, 9991, -19978, -19979, 99894
-2, -4161, -4161, -4160, -4163, -2, 16649, 12488, 12487, 12489, 16649, 16649, 0
-12486, 12489, -24972, -24974, 24972, 2, 12488, -12485, 12489, -24974, -12487, -24974, 112378
19978, -9991, 13320, 19978, 19979, 6659, 13320, 19979, -13319, 6660, -3329, -3329, 9989
-8, 11, 6, 10, 19979, 13, -5, -3, 19979, 1, 19979, 19979, 0
-16650, -16649, -33299, 33299, -16651, 16648, -33299, 33298, 33299, -33299, 16651, 16651, 116548
-24974, -24974, 12486, 24974, -12488, -12488, 24974, -12487, 12487, 12487, 12488, 24974, 62437
-1, 12, -12, -10, 16649, -12, -16647, 16638, -16636, 16649, 16649, -16649, 33319
-2, 24974, -7, -24974, -7, 6, 24974, -24974, -7, 24974, 3, 3, 49962
-19979, -19979, 6, -19979, 9, 9, -19979, -2, -19979, -2, 4, 1, 99889
-2, -24974, 24974, 24974, -24972, -3, 12485, 12487, 24971, 24974, -12486, 12488, 37463
1, -24974, -24974, 24970, 24973, 24974, -24974, 24973, 2, 24972, 24973, -24973, 74921
-2, 19979, -5, 4, -19979, -2, 19979, -19979, 5, 1, -5, 5, 39966
-5, 12, 13, -19979, -2, -3, -19979, -11, -19979, -4, -19979, -10, 79936
3, -19979, -19979, 3, 9, 1, -19979, -2, -7, 19979, 19979, -8, 59944
2, 7, -5, -7, -4, 7, 9, 9, 6, 8, -3, 19979, 8
-24974, -5, -24974, -5, -24974, -1, -24974, 24974, 8, 4, -3, -6, 99907
-6, 12, 11, -24974, -24974, -3, 12, -24974, 24974, 2, 8, -24974, 99891
8, 10, -4, 19979, 15, -2, 12, -19979, -8, 1, -12, 12, 19989
4, 16649, 3, 16649, 16649, 2, -9, 9, -7, -1, 9, -9, 15
2, 12489, -12487, 12488, -24974, -24974, 12485, -24974, -12486, -24974, 12488, -12488, 112383
-33299, -16651, 16649, -16651, 16649, -33299, -16650, -33299, 33299, -16648, 33299, -33299, 166497
19979, -19979, -4, -19979, -5, -1, -5, 6, 6, 3, 5, 2, 39966
-24974, 24974, 2, 24973, -24973, -24973, 1, -24972, -24974, -24973, 24974, 24973, 124865
-24974, -3, 2, 24974, 24974, -24974, -4, 4, -3, 1, -5, -5, 49962
1, 33299, -33299, -2, 33298, -33299, -33299, 33298, 33297, -33297, -33298, 33298, 133195
1, -4, -24974, 4, 24974, -24974, -24974, 2, -5, -2, 4, 24974, 74927
1, 24970, -2, 24969, -24974, 24974, -24974, -24973, 4, -24974, -24972, -24972, 124867
24974, -5, 8, 4, -24974, 1, -8, -7, -24974, -2, -4, 24974, 49965
-1, 19979, 19979, 19979, -9986, 2, 9991, 19979, 19978, -9989, -19979, -19979, 39955
7, 6, 19979, -19979, -5, -2, -7, -4, -19979, -4, -1, -19979, 59952
16649, 16645, 16647, 16645, 16647, 16648, 1, 3, -16647, -2, 3, 3, 0
-1, 5, 5, -24974, -24974, 1, -24974, 24974, 3, -3, -24974, 24974, 99894
1, -16649, -5, -16649, 2, -4, 16648, 16649, 16645, -6, 16643, 16649, 16664
-4, 19979, 9, 19979, -2, -2, 19979, -19979, -9, -1, 6, -6, 19993
8323, -8325, 24974, -8325, -8326, -16650, 24974, 24974, -24974, -24974, -16651, 24974, 83251
-1, -24973, -24974, -24974, -24970, 2, 24972, -24974, 24974, 24974, -24974, -24974, 149840
16649, 13319, 16649, 13318, 13321, 16648, -3328, -1, -3331, -3328, -3331, -3330, 0
9989, 19978, 1, 9991, 19979, -9988, -19979, -19979, 19978, 0, 19979, 19979, 29967
1, 24974, -24974, -24974, -5, 9, 24974, 13, 24974, -11, -24974, 3, 74924
-2, -5, -1, 24974, 5, 24974, 24974, 4, -24974, -1, 5, 5, 24977
-2, -24974, -8, 5, 8, -1, 24974, -4, 7, -24974, -4, -24974, 74932
-2, -33299, -33299, 33299, -33297, -1, 33299, -33298, -33298, 33299, -33299, -33299, 199793
-3, 2, 16649, -3, 2, -1, 16646, 16648, 16647, 16649, -16648, -16648, 16654
5, 24974, -6, -12, 14, -24974, 24974, 24974, -13, -7, -14, -14, 25021
-1996, 19979, -19979, 19978, -15982, 7992, -11988, -9990, -13986, -19979, -5994, 3996, 79915
1, 29, 24, -29, 19979, -13, 19979, 28, -28, 2, 29, 29, 40
2, -19979, -2, 19979, -7, -2, -6, 7, -19979, -7, -1, -19979, 59954
-24974, 4, 24974, 4, 5, -24974, 24974, 24974, 24974, -1, 2, -2, 49945
24974, -12487, 12490, 12488, -24973, 12484, 12490, -24974, 24973, -1, -24974, -12486, 74921
-24974, 24974, 24973, -24972, 1, 24974, -24974, -24973, 2, 4, -24973, -24970, 124862
-99899, -99899, 99899, -99899, -99899, -99899, -99899, 99899, -99899, -99899, 99899, 99899, 799191
7, -24974, -24974, -6, 10, -1, 24974, -4, -5, -2, -24974, 24974, 74929
-12485, 12486, -12487, -24974, -12488, 24974, 12488, -12486, -24974, 24974, -12487, 12487, 87408
-2, 24974, -24974, -4, 24973, 1, 24974, -24974, 24972, -24974, 24974, 24970, 49954
-6, 19979, -3, 5, 10, 3, 6, -5, -19979, -1, -19979, 19979, 39962
-12488, -12488, 24974, -24974, -12487, 24974, -12487, -12486, -12488, 24974, -24974, -24974, 124872
19, 13, 16649, 13, 18, 16649, 5, 7, -4, 2, 1, -16, 0
-2, -4, 19978, -19971, -19979, 19975, -19979, -19979, 19978, 1, -19977, -19977, 99889
-8562, 11417, 19979, 14270, 17125, 17125, -5709, -2854, 19979, 2853, -19979, -19979, 37104
-16650, -33299, -16650, 33299, 33299, -33299, 33299, 33299, 16651, 16648, -33298, 33299, 99897
1, 19979, 9, -9, -19979, -2, -4, 9, 4, -6, 8, -8, 19998
-12487, 12488, -24974, 24974, -12487, 12486, -24974, -24974, -24974, 0, -24974, -24974, 149844
-12486, 12489, -12488, -24974, -12489, -12486, 12485, 24974, -12484, 24974, -12487, 24972, 74921
-6242, 18731, -12487, -18731, -24974, -6244, -24973, 24973, -24974, 12487, 12487, 24974, 93651
19979, 6, 19979, -19979, 6, -6, 5, 1, -19979, 4, -2, 2, 39959
12487, 12488, 12487, 12488, -24974, -12486, 24974, 24974, -24974, -24974, -24974, 24973, 87408
-19979, 4, -19979, -19975, 19979, -1, 19977, -19978, -19979, 2, -19971, 8, 99883
24974, 12487, -24974, 12487, -24974, -12486, -24974, 12488, 12488, 12487, -24974, -24974, 112382
24974, 4, 24972, -24970, -24973, -2, 24974, -24973, 24973, 1, 24974, 24969, 49944
-5, 6, 24974, -24974, 24974, -2, 9, -8, 24974, -1, -9, 24974, 24989
16649, 16648, 16648, 16648, 11099, 16649, 5546, 4, 5549, -11101, -5548, 1, 0
-4995, 9990, 19979, -9988, -14984, -19979, -19979, 19979, 4996, -14983, -9991, -9989, 84909
1, -16651, -8326, 16651, -16651, -8323, 24973, 24973, 8325, -16649, 16648, -24974, 66600
24974, -24974, 24974, -24974, 24973, 3, -24974, 24971, 1, 1, -24974, 24974, 74922
-24974, -24974, 24972, 24974, -24973, -24972, -24974, -1, -2, -24973, 24974, -24973, 149842
7, -19979, 14, 15, -4, -2, 15, -19979, 19979, -1, -19979, 12, 59928
-24974, -16649, 8326, 24974, 16650, -24974, -16648, 24974, -8325, 8324, 24973, 16650, 66596
-16648, -16650, -33299, -16649, -16650, -33299, 16649, -16651, -33299, -33299, -16650, 16650, 199795
-43, -19979, -19979, -16, 45, -1, -19979, -19979, 13, 1, 43, 30, 79930
-5, -24974, 24974, 7, 24974, 2, -10, -24974, -9, -1, -24974, -10, 74946
-19979, -19979, 19979, -19979, 14985, 14984, 19979, -4995, 19979, -4993, 4995, -4994, 54941
-4, -19975, 19975, 19979, -19979, -19970, -19979, 19979, 19979, 1, 6, -7, 59938
-2, -24970, -24973, 24974, 24973, -1, -24974, -24974, -24974, 24974, -2, 24974, 99896
5, -4, 5, -19979, 6, 19979, -19979, -1, -2, 3, 19979, -19979, 59937
12488, 24974, 12487, -24973, -24974, 12488, -24974, 12486, 24974, 12488, 24974, -24974, 74921
-33299, -16650, 16652, -16651, 16648, -33299, -16647, -33299, 33299, -16649, -33299, 33299, 166494
-2, 19979, -6658, 19979, 1, -6659, 19977, 19978, 19979, -6660, 13319, 19979, 0
-4, -10, -9, -16626, 3, 8, 16649, 16649, 16641, 16639, 16649, 16638, 0
12487, 24974, -12488, -24974, -12487, -12486, -24974, -24974, 24973, 24974, -12488, 12488, 99897
12489, -12486, -12489, -24974, -12487, 24974, -12488, 24974, -12485, -24974, 12488, 24974, 87409
-16651, -33299, 33299, 33299, 16648, 33299, -33299, -33299, 16650, 33299, 16648, -16650, 99899
19975, 8, -19979, -4, 19977, 2, 19971, -19977, 19975, -1, 19978, -19978, 39960
5, -24974, -2, 24974, -1, 4, -24974, -3, 2, 24974, -24974, 24974, 74922
33299, 33299, 33299, -33299, -2, 33299, 33299, -33299, -1, -33299, 33298, 33297, 66601
-24974, -24974, 38, -38, -21, -18, 38, -38, -24974, -1, -19, -24974, 99992
-9989, -19979, -19979, 9989, 19978, -3, -9990, -9988, -19979, 19979, 19979, -9988, 79916
8, -7, 7, -6, 5, 7, 16649, 3, 2, 4, 16649, 16649, 3
-19979, 14, -13, 14, 4, 3, -2, 12, 11, -6, 19979, 15, 19984
-33299, 33299, -16650, 33299, 33299, 16649, -33299, 33299, 16651, 16648, -33299, -33298, 116546
-12488, 24974, 24973, -12487, -24974, 12488, -12487, 12486, 24973, -12488, 24974, -24974, 74924
24974, 24974, 24974, -3, 24974, -24974, -7, -24974, 2, -3, -6, -7, 49965
7991, 15983, 19979, 15983, 3997, -3996, 19979, -19979, -11988, -3994, 19979, -19979, 39957
2, -19979, 7, 7, -19979, -4, -19979, 6, 1, -7, -7, 4, 59947
-1, 24974, -24974, -24974, -24974, -1, -24974, 24973, -24971, -3, 24974, 24971, 99898
-1, 2, 5, 2, -24974, -4, 24974, 4, -24974, 24974, 5, -24974, 74921
1, 5, -9, 7, 7, -2, 16649, 6, 9, 7, 16649, 4, 0
24973, 24974, 24974, 24974, 24974, 0, -24974, 24974, -1, 0, -24974, 24974, 24975
5, -19979, 19979, -19979, -6, 3, 1, 2, 5, -6, -4, -6, 39973
-24974, 12488, -24974, 12488, -12485, 1, 24974, 24974, -24974, -12487, 24974, -24974, 99894
4, 2, -5, 24974, -6, -24974, -24974, 1, -3, 24974, -24974, -6, 74935
-49949, 49949, -49949, -49949, -1, 49949, -1, -49949, -1, 1, 49949, -49949, 249746
-2, -19979, 6, 4, -6, 3, 19979, -1, 6, 6, -5, 19979, 19986
-99899, 99899, 99899, 99899, -99899, 99899, -99899, 99899, -99899, 99899, -99899, -99899, 599393
16642, 16648, 16649, 16649, 16644, 16649, -1, -5, -8, -3, 7, -16632, 0
19979, 7, -6, 3, 19979, 4, -7, -8, 2, 5, -8, 19979, 19
16645, -16646, 16643, -16646, 16648, -16649, 1, 16649, -5, 2, 4, -6, 33303
3, 2, -5, -6, 16649, 7, -16646, 16643, -16649, 16649, 16642, -16647, 33304
-1, 11, -10, 19979, -19979, 2, 19979, -10, 10, 8, 4, -4, 19992
1, 19979, -13, 13, -9, -2, -19979, -10, -4, -19979, -8, 10, 39990
7, 3, 7, 1, -7, -7, 3, 6, 8, 8, 2, 8, 5
2, -24974, -8, 24974, -7, -6, -7, -24974, 24974, 24974, 3, -3, 49970
1, -24974, -7, -7, -4, 2, -6, -24974, -4, -24974, 24974, -24974, 99916
2, -9986, -19979, 9988, -19979, 1, -9991, 19978, -19978, 19979, -19979, 19974, 79913
0, -2, 19979, -2, 19979, -1, -5, 19979, -19979, 4, -19979, 19979, 39962
33299, -7, -33299, -4, 33299, 5, -33299, 33299, 4, 6, -3, -33299, 99903
-2, -5, -4, -5, -19979, 2, 5, 1, -5, -5, 5, 19979, 19999
-24970, -24974, 24974, -24974, -24974, 2, -1, 24974, 24973, 24974, 24974, 24972, 74919
1, -24974, -8, 24974, -24974, 6, 24974, -8, -8, 24974, 3, 4, 49963
0, -19979, -19979, -19979, -19979, -6659, -19979, -6659, 6659, -19979, -19979, 13320, 133192
4, 24974, -24974, -24974, 4, 6, -24974, -2, -5, 1, 7, 7, 74921
8325, -24973, 24974, 16649, -24974, -8325, -24974, 8323, -24973, 24974, 24974, 24974, 83245
-2, 24974, -24974, -4, -3, -24974, -24974, -1, 4, 24974, -2, -2, 74931
-4, -24974, -24974, 24974, 7, 1, 24974, -24974, 4, -6, 6, -2, 74926
16648, 33299, 16650, -33299, -33299, 33299, -16651, -33299, 33299, -16650, 33298, 33299, 99899
-9988, -19978, 9993, 19979, -9986, 9992, 19978, -19979, 9987, -2, -9991, 19979, 49945
1, -24971, -24973, -24974, 2, -24974, -24974, 24974, 24972, -24974, 24973, -24973, 149839
4, -24974, -24970, -24973, 2, -24973, -1, 24974, -24973, 24974, -24972, -24974, 149836
1, -24974, 4, -24974, -24974, -3, 6, -2, -4, 5, 24974, -24974, 99898
1, -24974, 12488, 24974, -24974, 24974, -24974, -24974, 12486, -12486, 24974, 24973, 87408
-1, -24973, -24974, -24973, -24972, 2, 24972, 4, -24974, -24970, -24974, -24973, 174810
-3, 1, 19977, 3, -19975, 19978, 19979, -19978, -19978, 2, 19976, -19978, 59933
-12488, 24974, 12488, -24974, 12482, 24974, 12486, -12488, -12487, -24974, -12483, -12486, 87410
-2, -19979, 19979, -19979, -3, -3, 1, 19979, 5, -6, -5, -6, 39976
-24974, -24974, 24974, -24971, -1, -24973, 2, -24973, -24974, 24972, 24974, 24973, 124866
