-33299, -16651, -33299, -16650, -16651, 33299, -16650, -33299, -16648, -16650, -33299, -33299, 233096
24974, -12487, 24974, -12486, 24974, -24974, -24973, -12488, 12487, -24974, 1, 24974, 87408
33298, -33299, -33298, 2, 1, -33298, -33297, -33299, 33299, -33297, -33298, -33298, 233085
-3, -33299, -33299, 33299, -2, -33299, -33299, -3, -33299, 1, -2, 2, 166501
24974, 1, -24974, -4, -24974, -24974, 3, 24974, 24974, 24974, -2, -1, 74924
-7, -9, 9, -4, 24974, 8, 9, -8, -5, 7, 6, -24974, 24994
12486, 16649, 16649, 12487, 16649, 16647, -4160, -12489, 4162, 4162, 2, 4161, 0
3, 7, 5, -7, 8, 6, -4, -2, 19979, -8, -19979, 5, 19990
12489, 12485, -12489, 12487, 24974, 24974, -12488, -12488, -24974, 24974, -12486, 12489, 49951
2, 24974, -24974, -24974, 24974, -3, 24974, 1, 4, -24974, -1, -24974, 99895
24974, 24974, 1, 24974, -4, -2, 4, 24974, 7, -2, 24974, 7, 0
-12486, -24973, 12487, 12488, -24974, 12485, 12490, 24974, -12488, -12489, -24974, 12484, 87410
6, -5, 4, -6, 2, 1, -5, 3, 24974, -5, -24974, 24974, 24988
-12489, -12490, 24974, 12484, 12486, -12490, -12490, -24974, 24974, 24974, 12487, -24973, 74932
-33299, -33299, -16651, 33299, -16651, 16649, -16651, -16650, -16649, -33299, -33299, 16648, 183149
-24974, 24974, 6, -24974, -2, -1, 4, -5, -5, -3, 24974, 2, 49957
18, 18, 8, 7, 17, -17, -24974, 1, -24974, 11, 24974, 18, 49946
-1, 4, -2, 24974, 24974, 24974, -5, 2, -24974, 24974, -5, 4, 24981
-49949, 49948, -1, -49949, -49949, -49949, 49949, -49948, -49949, 49949, 49949, -49949, 299694
-24974, 24974, -4, 2, -6, -24974, 3, 24974, 1, -6, 5, -24974, 74931
-6, -2, 4, -6, -6, 6, 6, 1, 5, 6, 4, 3, 13
-16650, 16651, 33299, 16650, -33299, 16649, 16649, -33299, 16651, 16648, 33298, -33299, 83248
-11100, -11100, -1, -5551, -11099, -5551, 16648, 16648, 5549, 11098, 11099, 16649, 27753
-3, 4, -4, 33299, 33299, 33299, -33299, 4, -1, -33299, 4, -2, 66603
-24974, -6, 1, 24974, 24974, 7, 24974, -4, 12, 24974, 8, 11, 24971
32, -33, -44, -24974, 24974, 1, 24974, -31, -12, -44, 33, 32, 25093
-24974, 4, -2, 5, -4, 2, 1, -5, -5, 24974, 24974, 5, 24984
-33298, 33299, 33299, -33299, -33299, -33299, -2, -33297, -33296, -33298, -1, -33299, 233089
-33299, -16651, -16650, 33299, 16651, 16649, 16651, -33299, -16647, 16646, -33299, -16651, 133199
-2, 33299, -33299, 33299, -1, 33299, -33298, -33299, -33299, -33299, 33299, -33297, 166495
-13, 13, 6, -13, 12, 24974, 24974, -24974, -6, 24974, -5, 24974, 24993
16649, 1, 7, 5, 6, 2, 6, 4, -6, -3, -3, 7, 4
-16648, -33299, 16652, 16652, -33299, 33299, 16650, -16647, 33299, -16651, -33299, -16650, 133194
-2, -33298, 33297, -33299, -33299, -33299, -33299, 1, 33299, 33298, 33299, -33299, 166496
1, -5, 2, 5, 24974, -24974, 24974, 4, 5, -5, 2, -4, 24982
-24973, -16650, 8324, -8327, -24974, -24974, 16649, 8323, -8326, 24974, -24973, -24974, 133197
12486, 24974, 12488, -12489, 12486, 24974, 16649, 24974, 24974, -12485, 12486, 8325, 0
-12495, -12484, -12495, -12494, 12495, -24974, -24974, -12479, 12482, -12495, -12491, -24973, 137380
50, -24974, -71, 48, -48, -33, 82, 82, 51, 49, -1, 24974, 25044
16651, -33299, 33299, -16649, 16648, 33299, 16649, -33299, -16651, 33299, 33299, -16650, 83249
24974, -16649, 24974, 8322, 8328, 8324, 8328, 24974, 24973, 24974, 16650, -8325, 0
-24974, 24974, 12490, 12488, -12488, -12486, 24974, -24974, 12487, 12488, -12487, -24974, 87409
-24974, 24974, -24974, 12489, 24974, -12487, -12488, -12487, 24974, 24974, -12485, -12486, 87407
4, -4, 24974, 2, -24974, -5, -24974, -2, -5, -1, 24974, -24974, 74933
12486, -24974, -12488, -24974, -1, -12486, -12487, 24974, 24974, 12485, 24974, 24974, 62438
-16648, -16650, 8327, 16649, 24974, -8324, 8325, 24973, 16647, -8326, -16648, -24973, 66595
49949, -49949, 49949, -49949, 1, 1, 49949, -1, -1, -49949, -49949, -49949, 249745
24974, -8, 24974, -6, 5, -7, -7, 2, 24974, 4, -8, 3, 26
4, 7, -10, 10, 3, -9, -24974, 24974, -2, 8, -8, -24974, 49965
7, 24974, 24974, 24974, -1, 5, 6, -6, -4, 2, 4, 24974, 3
-6, 7, -8, -24974, -24974, 2, -8, 24974, 3, 5, -4, 8, 49964
-24974, 2, 5, -5, 4, -5, 24974, 24974, 1, -24974, -5, 2, 49957
-5, -7, -6, 24974, -24974, 8, 4, 24974, -24974, -3, 2, -7, 49966
44, -24974, -24974, -24974, 24974, 89, -89, -44, 24974, 86, 88, -41, 74966
33299, -2, 33299, 33299, 33298, -33299, 33299, -33299, -33297, 33297, 1, 33299, 66598
-33299, -33299, 16650, 33299, 16651, 33299, -16650, 33299, -16650, 16648, 33299, -16651, 83250
16651, -16650, 33299, 16651, -33299, 16648, -33299, 16650, 1, -33299, 33298, 33299, 83248
-33299, -16647, -16653, -16648, -33299, 16646, -33299, 16653, -16651, 16652, 33299, -33298, 166495
16649, -33299, -33299, -16651, 16650, -16650, 33299, -16649, -33299, -16651, 33299, -16648, 149847
-5, -1, -24974, -24974, -2, 5, 4, -5, 24974, 1, -24974, -24974, 99903
-11100, 11101, -22199, 33299, -33298, 33299, -33298, -33298, 33299, -22198, -22200, 11099, 144292
-10, -10, 6, 24974, 1, -10, -15, 24974, 14, -15, -7, -9, 60
33299, -16650, -16650, 33299, 16651, -16648, -16651, 33299, -33299, -16650, -33299, 33299, 116548
16650, 33299, -16649, -33299, 16649, -16650, -33299, -33299, 16648, 33299, -33297, -16650, 149845
5, -8, 2, 24974, -24974, -6, 4, -24974, -24974, 24974, 3, -7, 74933
-33298, -33299, -1, -16651, 16648, -16650, 16650, -33299, 33299, 33299, -33298, -33298, 166495
-16648, -33299, 33298, 33299, 16650, -33299, -33299, 16650, -33299, -33299, 1, 33297, 149844
8326, 24974, -8327, -16648, -24974, 8325, -8323, 24974, 8324, 16650, -24974, 16651, 58272
24974, 2, -24974, 24974, -24974, 24974, -24970, 24973, -24974, 1, 24972, 24974, 74918
8, -3, -6, -9, -8, 24974, -24974, 5, 9, -24974, -4, -2, 49969
-33299, -16649, 16650, -33298, -16650, 16649, -16650, -33299, 33299, 33299, -33299, 33299, 149845
6, -3, 2, -7, 24974, -12, -8, 11, -4, 24974, 24974, 24974, 21
-24974, 24974, 9, 8, -11, 24974, -1, 18, 24974, 24974, 18, 24974, 24967
8322, 16649, 16649, 8328, 8327, 8325, 8327, 8324, -8323, 8324, -5, -8321, 0
-2, 4, 4, 4, 4, -4, 3, 16649, 16649, 2, 1, 4, 1
-1, -33299, -33299, 33299, -33299, -33299, 2, -3, 3, 2, 33299, -4, 133199
-12486, 12487, -12488, 12488, 24974, -24974, 12487, -24973, -24974, -24974, -12488, -24974, 137357
33299, 33299, -1, 33299, -33298, -33299, 2, -33299, -33297, -33299, -33298, -33298, 199790
4, 24974, -5, -24974, 4, 24974, -1, 4, -24974, -24974, -2, -2, 74926
-24974, 3, 6, -5, 6, 6, -2, -24974, 4, -6, 1, -5, 49959
24974, -5, -4, 2, -6, 6, -1, -3, 24974, 24974, 6, 24974, 12
4, -24974, -24974, 24974, 9, 8, -6, 2, -3, 9, 5, 6, 49946
24974, -16649, 8324, -8323, -8325, 16651, -16650, 16650, 24973, 16651, 16651, -24974, 49947
-16648, -16650, -33299, -33299, 16651, 33299, 16651, 16651, 33299, 33299, -33299, -16650, 116546
24974, 12487, -24974, -24974, -12486, 12487, -12488, -12488, 12488, -24974, 12488, -12487, 99897
99899, -99899, -99899, -99899, 99899, 99899, 99899, -99899, -99899, 99899, -99899, -99899, 699292
-16650, 33299, 33299, -16651, 16648, 16651, -33299, 33299, -33299, 33299, -16651, 16650, 83251
-1, 4, 24974, -24974, 24974, -24972, 24974, 24974, -2, 24974, 24973, -24970, 49945
-24974, 12489, -24973, -12487, 1, -24974, -12486, -24974, 24974, 12485, 24974, 24974, 99894
33299, 33299, -33299, 33299, 2, -33297, 33298, 33299, 33299, -33299, -1, 33299, 66597
-33299, -33299, -16648, -33299, 16649, -16648, 33299, -33299, -16651, 16651, -16650, 33299, 166494
24974, 6, 5, -24974, -1, 6, -2, 4, -6, 24974, 6, -24974, 49950
-12486, 24973, -12487, -12488, -1, -24974, 12488, 12488, 12487, -24974, 24974, -24974, 87410
-16650, 24974, 8325, 24973, 8327, -24973, 8323, -16650, -8327, -16649, 8324, -24974, 83249
-16649, -33299, -33299, -16650, 33299, 33299, 33299, 33299, -33299, -33298, -33299, 16649, 166494
12486, 12489, 12489, -24974, -12488, -24974, 24974, -12487, 12485, 12489, 12487, 12488, 49949
12486, 24974, -24974, -12485, -12489, -12488, -12489, -24974, -12487, 12488, -12489, -12487, 112388
24974, -24974, 4, 1, -24974, -24974, -5, 5, -24974, -3, 2, -6, 99903
-24974, 2, -24974, -1, 24974, 4, -24974, -5, -24974, 2, 5, -24974, 124870
33299, -16650, -16651, 33299, 16651, -16649, -16651, -33298, 33299, -33299, 16650, 16648, 99899
-12486, -12489, -12488, 12488, -12489, 12488, -24974, 12487, 12487, 12485, -24974, -24973, 99899
16648, 16649, 33299, -33299, -33299, 16650, -16650, -16649, -16651, -16650, 33298, 16651, 99899
16650, 16651, -33299, -16650, -33299, 33299, 16649, -33299, 33299, -33298, 16648, -33299, 149845
-24974, 12488, 12489, 3, 12486, -24973, 24973, -24974, -24973, -12486, -12489, -12485, 112380
7, 12, -12, 24974, 24974, -4, 24974, -7, 13, 24974, 5, -13, 19
12486, -12488, -24974, -24974, -24974, -12488, -12486, -12489, -12485, -24974, -3, 24972, 137361
33299, 2, -33299, 33296, 1, -33299, 33298, -33297, 33298, -33298, 33299, 33299, 99894
24974, -8, 2, -7, -6, -3, -8, 8, -4, -5, 8, -24974, 25005
-3, 24974, -24974, -24974, 24974, 1, 4, 6, 6, 5, 5, -2, 49946
11100, 33299, 33299, -11099, 22198, -33299, -33299, -33299, -33299, 33298, -11101, 22199, 122097
24974, 24974, -5, 4, 4, 2, 24974, -24974, 3, 6, -24974, 1, 49946
-4, -7, -24974, -2, -5, -24974, 3, -7, -24974, -24974, 4, 24974, 99911
4, -6, 5, -7, 24974, 5, -2, -7, 24974, 6, -7, 1, 21
-3, 8, 7, -8, 5, -2, 24974, -24974, -8, -24974, 7, -1, 49961
24974, 8, 24974, 2, -15, -15, 3, 14, -24974, 13, -24974, -13, 49975
-24974, -6, -24974, 2, 24974, 4, 3, -5, -1, -24974, 24974, 6, 74927
-12488, -12489, 12487, -12486, -12489, 24974, -24974, -12489, 12487, -12485, 24974, -24974, 99900
-5, 24974, 13, 24974, -4, 24974, -9, -12, -24974, 13, -1, -24974, 49965
-3, -3, 33299, -3, 33299, 2, -2, -33299, -33299, -1, -2, 33299, 66608
2, -33299, 33299, -1, 33299, 33299, 33297, 33298, -33299, 33297, -33299, 33298, 66599
16651, 33299, -33299, 33299, -16646, -16652, 16651, -16651, -33299, -16647, -33299, 16650, 133196
1, -24974, -24974, 12488, 24974, -24973, 2, 24974, -12486, 24974, -24974, -12486, 99893
-33299, 16650, 33299, -33299, 16651, -16648, -16650, 33299, 33299, 33299, -16651, -33298, 116546
12486, 12490, 12487, 24974, -24974, -12490, -24974, -12487, -12484, -12488, -24974, 24973, 99897
-33296, 33297, -33299, 33299, -2, 1, -33299, 33299, 33299, -33298, 33299, -33299, 133194
12489, -12487, 12487, 24974, 12489, 24973, -24974, 1, -24973, -12488, -12489, -12485, 74922
-16650, 33299, -33299, -33299, 33299, -16649, -33299, -33298, -33299, -16649, -16650, 16650, 199793
-16650, -16651, 16650, 33299, -16648, 33298, -33299, 16651, 33299, 33299, -33299, 16651, 83248
3, -33299, 2, 2, -33299, 33299, -1, -33299, -33299, 2, -3, 33299, 133196
24974, 12487, -12489, -12488, -12487, -12487, 12486, -12488, -24974, 24974, -24974, 12485, 87414
12487, 12487, -12489, -12486, 24974, -24974, -2, 24972, 12485, 12488, 24974, -12488, 37465
-16648, -33299, 33299, 16651, -33299, -16651, -16649, 33298, -33299, 16649, 33299, 16650, 116546
-1, -5, -24974, 5, 6, 4, -24974, 24974, -2, 24974, -3, 24974, 49952
6, -6, 6, -4, -6, -24974, -2, -3, 5, 6, -1, 24974, 24989
33299, -16651, 33299, -16648, -33299, -16650, 33299, 16651, 33299, -16650, -33299, -33299, 133197
-5, -8, 8, 4, -6, -33299, 33299, -9, 8, -33299, 33299, -7, 66621
24974, 1, -24974, -6, -4, -5, -24974, 2, -24974, -6, 3, 24974, 74936
12487, 12488, -24974, -24974, 12486, 24974, 12487, 12487, -12488, -12487, 12488, 12488, 49949
-4, 24974, -24974, -6, -2, 3, -24974, -1, 5, -5, 24974, 24974, 49959
16650, 16649, 16649, -33299, -33298, 16650, -33299, 33299, 33299, -33299, -33299, -33299, 166494
16650, -33299, 16649, 16651, -16648, 33299, 33299, -33299, 16649, -16651, -33299, 16648, 99897
-24974, -5, 12484, -12490, 24974, 12488, 24974, 12485, -24974, 12487, 24974, -12489, 49958
12485, 24974, 24974, 24970, -3, 24974, 12486, 24974, 12487, -24970, -24970, 12488, 24969
24974, -3, 6, 5, -24974, -5, -1, 2, -3, 6, -6, -24974, 49959
16644, -33299, 16653, -33299, -16649, -16653, 16653, 33299, -33299, 16652, 16647, -33299, 133201
-16648, 33299, -16651, 33299, -16649, 33299, 16651, 33299, 16651, 16649, -16650, -33299, 66598
24973, 12487, 24974, -24974, 12487, -12489, -24974, 12485, 12489, -12489, 1, 12488, 49952
-33299, 33299, -33299, 16646, -33299, -16652, -16651, 33299, 33296, -16645, -16652, 33299, 133200
-24970, 24974, 24971, 24972, 24973, 24974, -2, 24974, -24973, -24974, 24973, 1, 49945
16649, 11101, 13874, 16649, 13874, 13873, -2775, -2773, -5547, -2777, 2776, -2777, 0
24974, 1, -5, 3, 24974, 24974, -2, 24974, 24974, 6, 5, 4, 0
-6, 24974, -5, -2, 1, 24974, 6, -3, 4, -5, -6, 5, 20
33299, 11099, -33299, -33299, -22200, 22200, -11101, 33299, -11099, -22199, -33299, -33299, 166496
6, 24974, -24974, 3, -2, -24974, 6, -1, -6, 4, -5, 24974, 49955
-24971, -24974, -24974, -24972, -24972, 24974, -24973, -2, -24974, 24973, 24972, 1, 149838
-6, -6, 1, -2, 4, -16635, 16645, 16648, 16649, 16649, 16648, 16648, 0
-16649, 33299, 33299, 33299, -16649, -33299, 16650, 33299, -33299, 33299, -33298, 33299, 99895
-24974, -3, -24974, 6, 5, -6, 24974, 6, -3, 24974, 1, 2, 49953
24974, 24974, 24974, -24974, 4, -2, 1, -24974, 1, 4, -3, -24974, 74922
-12486, 12487, -12488, -24974, -12488, 12489, 24974, -24974, 12489, -24974, 12485, -24974, 112384
-16648, -16650, 33299, -33299, -33299, 16651, -33299, 33299, -33299, 16650, -33298, 16651, 166493
-33299, 33299, -33299, 2, 3, -3, 3, 33299, -2, -1, 2, 33299, 66600
33299, -3, -2, -33299, -2, -3, 33299, -33299, -3, -3, 2, -1, 66611
-24974, -3, 24974, -6, 4, -24974, -6, 2, -24974, 6, -1, 5, 74931
-4, 3, -9, 24974, -24974, 11, 10, -8, 24974, -5, 13, 24974, 24986
5, -3, -24974, -2, -4, 1, 5, 24974, -24974, -24974, -24974, -3, 99902
-4, 4, -2, -5, -24974, -24974, -5, -2, 1, -24974, 5, -5, 74939
-11101, 22200, 11099, 33299, 33299, -11099, -33298, -33299, 33299, -33299, 22200, 22199, 88797
12, 12, 3, -12, -12, -24974, -11, 24974, -3, -2, -24974, 24974, 49974
6, 5, -1, 5, 3, 6, -24974, -24974, -3, -2, -5, -24974, 74926
16651, -33299, 33299, -33299, 16650, -33299, -33299, -16648, -33299, -33299, 16650, -33298, 216441
24974, 8, -2, 9, 24974, 24974, 1, 9, 6, -4, 24974, -4, 0
33299, -11103, 11104, -33299, -11105, -33299, 22196, -33299, 33299, 22194, 33299, -22195, 111001
16649, 16648, 16651, -16647, -33299, 33299, 33299, -16651, -33299, -33299, -16651, -16650, 133198
-7, -24974, 5, -4, 4, 24974, -1, 6, 24974, -24974, 24974, -2, 49954
16650, -16650, -33299, -16651, 33299, 16648, -33299, -33299, -16650, -33299, -33298, -33298, 216444
-1, -5, 24974, 2, -24974, 24974, -5, -4, -24974, -24974, 4, 2, 74931
9, -24974, -7, -8, -24974, 9, 9, -3, 24974, -2, -1, 24974, 49959
-24974, -24974, 12486, -24974, -12489, -24974, -24974, -12487, -12485, -12488, -12487, 24974, 162332
12487, -12485, -24974, -12484, 24974, -24974, -12488, 12486, -12489, 24973, -12490, -12487, 99897
16649, -33299, 16650, -16649, 16651, 16648, 33299, 33298, -33299, -33299, 16651, 16651, 83247
-12489, -24974, -12488, -24974, 24974, -12485, -5, 12487, -12486, -12489, -24974, -24973, 137363
-24974, -4, 2, 7, -24974, -7, 24974, -4, 1, -5, -6, 24974, 49966
-33299, 33299, -16651, -16648, -16651, 33299, 33299, 16650, -33299, 33299, -16651, -16650, 116550
-24974, 3, -24974, -1, -24974, -10, 24974, -10, -8, -24974, -1, 10, 99915
16650, 16649, 24974, -16649, -8324, 24974, -16648, -24974, 8326, 24974, -24974, -8325, 74920
5, 7, -24974, -24974, -6, 3, 4, 8, -2, 24974, -7, 24974, 49953
-16649, -33299, 33299, 33299, 33299, -16649, -33299, -33299, -16650, 33299, -33299, -33299, 183144
-12486, 24974, 24974, 18729, -12487, -24974, 24973, -24974, 6244, -12488, -6245, -12487, 81167
24974, -12487, -12488, 24974, -12488, 12487, 24974, -12486, -24973, 24974, 12488, -24974, 74922
-1, -6, -24974, 6, 3, -4, 24974, -24974, 5, -2, -4, 24974, 49958
-13, 12, 15, 2, -11, 24, 24974, 24974, -24, -24, 24974, -14, 60
-16651, -16651, 16648, -33299, -33299, 16651, 33299, -16649, -16650, -16651, -33299, -16649, 166499
3, 4, 6, 6, 8, -1, -24974, 6, 24974, -24974, -5, -6, 49951
-5, -4, 24974, -6, -5, 7, 3, 24974, 24974, -2, 6, 6, 12
-4, 6, 1, -24974, -24974, 9, 4, 24974, 24974, 24974, -2, 9, 49944
-2, 7, -6, 5, -4, -24974, -24974, -24974, 9, 9, 3, 7, 74924
-33299, 33299, 33299, 16650, -33299, -33299, -16649, 16649, 33298, 33299, 33299, -33299, 116546
-24974, 6, 5, -2, -5, -6, -24974, 5, -24974, -24974, -1, -2, 99905
5, -24974, -5, 2, 2, -4, -1, -24974, -2, 24974, 5, -5, 49959
3, -24974, -2, 3, 1, 3, 24974, 24974, 24974, -24974, -2, -1, 49949
